"x"
0
0
0
0
1.04546250082346e-23
4.31600773589856e-09
5.75702405853963e-05
0.00545224725561455
0.0539736628852162
0.155262334679642
0.219123681258302
0.204986021621707
0.150869836184487
0.096049527054852
0.055625376604108
0.0300493105567828
0.0153140792737785
0.00739490266661647
0.00338781101022567
0.00147283689063538
0.000607678520799682
0.000237999990771121
8.85220052653235e-05
3.12863935594265e-05
1.05146841834491e-05
3.36284797797237e-06
1.024316587106e-06
2.97388317527236e-07
8.23600939670044e-08
2.17742122110565e-08
5.49941037153445e-09
1.32781452499842e-09
3.06681902095818e-10
6.78010980692534e-11
1.43558498422180e-11
2.91278112740656e-12
5.6665783176868e-13
1.05693231944315e-13
1.86517468137026e-14
3.33066907387547e-15
4.44089209850063e-16
2.22044604925031e-16
0
0
0
0
0
0
0
0
0
0
0
0
0
0
0
0
0
0
0
0
0
0
0
0
0
0
0
0
0
0
0
0
0
0
0
0
0
0
0
0
0
0
0
0
0
0
0
0
0
0
0
0
0
0
0
0
0
0
0
0
