"x"
0
0
0
0
0
4.05606180486194e-21
8.5129911948995e-10
1.20584389121879e-05
0.00163439978145335
0.0233194975175402
0.0928554547482587
0.171949507652765
0.200460043782181
0.176454969472454
0.130552059405828
0.0863451398746854
0.0528169603239791
0.0304128828786615
0.0166231217365351
0.00865418315221511
0.00429627146552325
0.00203438333353478
0.000918967493217737
0.000396083653380286
0.000162950221245239
6.40216190261889e-05
2.40363006511757e-05
8.62919253785677e-06
2.9644230095105e-06
9.75186819629492e-07
3.07412077682478e-07
9.29267154337055e-08
2.69549361719967e-08
7.50748041511429e-09
2.00898087054924e-09
5.16818476903325e-10
1.27885479983547e-10
3.04546388107951e-11
6.98330282489223e-12
1.54254387041419e-12
3.28292948381659e-13
6.7168492989822e-14
1.33226762955019e-14
2.66453525910038e-15
6.66133814775094e-16
0
0
0
0
0
0
0
0
0
0
0
0
0
0
0
0
0
0
0
0
0
0
0
0
0
0
0
0
0
0
0
0
0
0
0
0
0
0
0
0
0
0
0
0
0
0
0
0
0
0
0
0
0
0
0
0
0
0
0
0
0
0
0
0
0
0
0
0
0
0
0
0
0
0
0
