"x"
0
0
0
0
0
2.76429873904300e-25
1.46980032434922e-10
4.73706993066377e-06
0.000945981121017742
0.0169223272958064
0.0779516053686527
0.158982363348963
0.197740283099459
0.18197340944258
0.138997184723880
0.0942056889657071
0.0588107411157676
0.0344936065403610
0.0191911363410803
0.0101702777265338
0.00514125533883603
0.00248017034980130
0.00114188992766873
0.000501853386673301
0.000210612429927814
8.44408626541338e-05
3.23620731434993e-05
1.18636502667302e-05
4.16292160976273e-06
1.39920660713333e-06
4.50789957584519e-07
1.39307632762709e-07
4.13213721017769e-08
1.17720985182146e-08
3.22315041323407e-09
8.48614289949978e-10
2.14974482659613e-10
5.24250642897073e-11
1.23133725438151e-11
2.78710388101899e-12
6.08180172889661e-13
1.27897692436818e-13
2.57571741713036e-14
5.10702591327572e-15
9.9920072216264e-16
2.22044604925031e-16
0
0
0
0
0
0
0
0
0
0
0
0
0
0
0
0
0
0
0
0
0
0
0
0
0
0
0
0
0
0
0
0
0
0
0
0
0
0
0
0
0
0
0
0
0
0
0
0
0
0
0
0
0
0
0
0
0
0
0
0
0
0
0
0
0
0
0
0
0
0
0
0
0
0
0
0
