"x"
0
0
0
0
0
0
9.19973078149862e-13
3.45590401326062e-07
0.000204568835617160
0.00679666949816997
0.0464932698654977
0.123285303219038
0.182910683585764
0.189917217706798
0.158032944532206
0.114226160272592
0.0751314258249716
0.0461403551110808
0.0268109723632524
0.0148325711967923
0.00783222911347992
0.00395072883034753
0.00190409522408597
0.000876957941186474
0.000386057978326804
0.000162509050875226
6.54447361232435e-05
2.52291444597930e-05
9.31627896627596e-06
3.29752254146776e-06
1.11952798287351e-06
3.64819670140015e-07
1.14184105393100e-07
3.43475999864395e-08
9.93617721434248e-09
2.76587130976225e-09
7.41275596460866e-10
1.91380022940280e-10
4.76221284628764e-11
1.14260823025347e-11
2.64499533386697e-12
5.90749671403046e-13
1.27453603226968e-13
2.66453525910038e-14
5.44009282066327e-15
9.9920072216264e-16
0
0
0
0
0
0
0
0
0
0
0
0
0
0
0
0
0
0
0
0
0
0
0
0
0
0
0
0
0
0
0
0
0
0
0
0
0
0
0
0
0
0
0
0
0
0
0
0
0
0
0
0
0
0
0
0
0
0
0
0
0
0
0
0
0
0
0
0
0
0
0
0
0
0
0
0
0
0
0
0
0
