"x"
0
0
0
0
0
0
1.55119146045199e-15
1.59125570251307e-08
3.41809696800296e-05
0.00230366443063464
0.0245692437087161
0.08749163960113
0.158343141389116
0.188316715118938
0.172366684045717
0.133620766554426
0.0928518042867704
0.0597454574537883
0.036230192332412
0.0208894514747805
0.0114972345405783
0.00604955119512085
0.00304450739665674
0.00146569136216523
0.000675110839274407
0.000297607547476653
0.000125613131545799
5.07900755782886e-05
1.96850183897812e-05
7.3178554848008e-06
2.61101110732298e-06
8.94741362111873e-07
2.94668495048889e-07
9.3324161953845e-08
2.84411239004356e-08
8.34544788830272e-09
2.35912012147566e-09
6.42811914808306e-10
1.68917990706063e-10
4.28289625986622e-11
1.04828368208132e-11
2.47801779096335e-12
5.6576965334898e-13
1.24789067967868e-13
2.67563748934663e-14
5.6621374255883e-15
8.88178419700125e-16
2.22044604925031e-16
2.22044604925031e-16
0
0
0
0
0
0
0
0
0
0
0
0
0
0
0
0
0
0
0
0
0
0
0
0
0
0
0
0
0
0
0
0
0
0
0
0
0
0
0
0
0
0
0
0
0
0
0
0
0
0
0
0
0
0
0
0
0
0
0
0
0
0
0
0
0
0
0
0
0
0
0
0
0
0
0
0
0
0
0
0
0
0
0
