"x"
0
0
0
0
0
0
7.06336524038416e-17
4.00386943929951e-09
1.54306597719628e-05
0.00141983802176443
0.0183606925599824
0.0742858813681541
0.146552770057678
0.184875621063316
0.176327356311449
0.140836223840325
0.100140900350213
0.0656737752001838
0.0405084014218349
0.0237373403045162
0.0132761762011854
0.00710026497636584
0.00363329173430704
0.00177922990202239
0.000833946426786358
0.000374225712888365
0.000160838549563502
6.62408990124153e-05
2.61573056921094e-05
9.90972391157197e-06
3.60423247214303e-06
1.25930327987689e-06
4.22956211609815e-07
1.36641761905310e-07
4.24875660209878e-08
1.27229689006469e-08
3.67122343636339e-09
1.02132902135565e-09
2.7408064706691e-10
7.0984662592366e-11
1.77513559407316e-11
4.28745927649743e-12
1.00131014590943e-12
2.25819363208757e-13
4.94049245958195e-14
1.05471187339390e-14
1.77635683940025e-15
7.7715611723761e-16
0
0
0
0
0
0
0
0
0
0
0
0
0
0
0
0
0
0
0
0
0
0
0
0
0
0
0
0
0
0
0
0
0
0
0
0
0
0
0
0
0
0
0
0
0
0
0
0
0
0
0
0
0
0
0
0
0
0
0
0
0
0
0
0
0
0
0
0
0
0
0
0
0
0
0
0
0
0
0
0
0
0
0
0
0
0
