"x"
0
0
0
0
0
0
2.87502454462229e-20
1.88665465374824e-10
2.7066693598592e-06
0.000490835993494535
0.0096004201293086
0.0510419013761202
0.121140540933896
0.173416146175371
0.180626388544786
0.153714113265859
0.114679580465360
0.0782017349518964
0.0499124679576893
0.0301983671237728
0.0174281535361057
0.00962035504434788
0.00508433849804513
0.00257345223815453
0.00124767361576938
0.000579535149066501
0.000257985892544776
0.000110114132501282
4.50871116550733e-05
1.772066808714e-05
6.68953782201331e-06
2.42703674802058e-06
8.4683101042593e-07
2.84334364497596e-07
9.19262588272574e-08
2.86341653721323e-08
8.59828452881573e-09
2.4903418216482e-09
6.96070312500296e-10
1.87849735766576e-10
4.8970827393191e-11
1.23376864280544e-11
3.00515168305537e-12
7.08211267408387e-13
1.61315405478035e-13
3.54161144855425e-14
7.66053886991358e-15
1.55431223447522e-15
7.7715611723761e-16
0
0
0
0
0
0
0
0
0
0
0
0
0
0
0
0
0
0
0
0
0
0
0
0
0
0
0
0
0
0
0
0
0
0
0
0
0
0
0
0
0
0
0
0
0
0
0
0
0
0
0
0
0
0
0
0
0
0
0
0
0
0
0
0
0
0
0
0
0
0
0
0
0
0
0
0
0
0
0
0
0
0
0
0
0
0
0
0
0
