"x"
0
0
0
0
0
0
2.20707080795596e-21
8.20981785023119e-11
1.69433428383157e-06
0.000368694988822082
0.00804817199109545
0.0459910241239215
0.114621954533604
0.169671410007670
0.180890154803928
0.156526938723732
0.118247652961564
0.081445225275975
0.0524320108477936
0.0319755622365989
0.0185966350564921
0.0103450010382463
0.00551048983312674
0.00281168644834651
0.00137444546574683
0.000643810067061712
0.000289064185258092
0.000124458406043249
5.14130904365473e-05
2.03889465048013e-05
7.7670219005288e-06
2.84398095895533e-06
1.00158015958751e-06
3.39470985877277e-07
1.10800662755928e-07
3.48466937527547e-08
1.05659339055819e-08
3.09042980095597e-09
8.72412808661238e-10
2.37812436409968e-10
6.26265705960805e-11
1.59406932098705e-11
3.92330612442038e-12
9.34030630617144e-13
2.15161222172355e-13
4.77395900588817e-14
1.04360964314765e-14
2.33146835171283e-15
2.22044604925031e-16
2.22044604925031e-16
0
0
0
0
0
0
0
0
0
0
0
0
0
0
0
0
0
0
0
0
0
0
0
0
0
0
0
0
0
0
0
0
0
0
0
0
0
0
0
0
0
0
0
0
0
0
0
0
0
0
0
0
0
0
0
0
0
0
0
0
0
0
0
0
0
0
0
0
0
0
0
0
0
0
0
0
0
0
0
0
0
0
0
0
0
0
0
0
0
