"x"
0
0
0
0
0
0
9.91859975008721e-23
3.46670010321194e-11
1.04582018605808e-06
0.000274580064242816
0.00670721366815878
0.0412627313343897
0.108110057004581
0.165609531314812
0.180816231139592
0.159149374781404
0.121767637982098
0.0847220046481909
0.055015089259152
0.0338177698663016
0.0198193345481399
0.0111099650755264
0.00596424001531903
0.00306754679097576
0.00151178900585669
0.000714062618928812
0.000323337820702374
0.000140421154257164
5.85174214343676e-05
2.3413287838725e-05
8.99970404177886e-06
3.32547886339185e-06
1.18198838960915e-06
4.04366608086626e-07
1.33230786181215e-07
4.23016739414805e-08
1.29503530121866e-08
3.82485099148511e-09
1.09039499651686e-09
3.00197311453587e-10
7.98527910461644e-11
2.05324646174176e-11
5.1050275118314e-12
1.22812870984035e-12
2.85882428840978e-13
6.42819131257966e-14
1.4210854715202e-14
2.88657986402541e-15
4.44089209850063e-16
4.44089209850063e-16
2.22044604925031e-16
0
0
0
0
0
0
0
0
0
0
0
0
0
0
0
0
0
0
0
0
0
0
0
0
0
0
0
0
0
0
0
0
0
0
0
0
0
0
0
0
0
0
0
0
0
0
0
0
0
0
0
0
0
0
0
0
0
0
0
0
0
0
0
0
0
0
0
0
0
0
0
0
0
0
0
0
0
0
0
0
0
0
0
0
0
0
0
0
0
