"x"
0
0
0
0
0
0
8.89944519060098e-27
5.61099958660651e-12
3.81365785077845e-07
0.000148306891861658
0.00457475268687104
0.0327811668637798
0.0952436822225611
0.156621066596365
0.179642352460192
0.163770620948881
0.128618142087058
0.0913496700017743
0.0603617542166253
0.0376963069554511
0.0224307622909740
0.0127655704629726
0.00695906525553858
0.00363581368664245
0.00182084721949283
0.000874260330633092
0.00040255069292916
0.000177820066263545
7.53930366863553e-05
3.06980966584547e-05
1.20109969037330e-05
4.51856936334316e-06
1.63548575227157e-06
5.69881077328027e-07
1.91282875761090e-07
6.18839356425482e-08
1.93079811028340e-08
5.81287074030712e-09
1.68953551149542e-09
4.74334460598413e-10
1.28692168033240e-10
3.37567751529377e-11
8.56470450116831e-12
2.10298445324497e-12
4.99489338778858e-13
1.15130127653629e-13
2.55351295663786e-14
5.77315972805081e-15
9.9920072216264e-16
2.22044604925031e-16
0
0
0
0
0
0
0
0
0
0
0
0
0
0
0
0
0
0
0
0
0
0
0
0
0
0
0
0
0
0
0
0
0
0
0
0
0
0
0
0
0
0
0
0
0
0
0
0
0
0
0
0
0
0
0
0
0
0
0
0
0
0
0
0
0
0
0
0
0
0
0
0
0
0
0
0
0
0
0
0
0
0
0
0
0
0
0
0
0
0
0
0
