"x"
0
0
0
0
0
0
1.63750707926576e-31
7.88027710838814e-13
1.30790031225910e-07
7.72213935915458e-05
0.00304368179041333
0.0255789423568691
0.0827986562146544
0.146642100833755
0.177097359560755
0.167478628039790
0.135138671973527
0.0980294219300597
0.0659291981951834
0.0418302370883031
0.0252682051708197
0.0145962496511552
0.00807786172730296
0.00428575533167541
0.00218038187393743
0.00106385418072907
0.000497944973745557
0.000223658454838960
9.64478847066408e-05
3.99515915381343e-05
1.59059775627357e-05
6.09022719000318e-06
2.24398285275651e-06
7.96129572266935e-07
2.72136779999599e-07
8.9677728132287e-08
2.85050918424901e-08
8.74457095623171e-09
2.59036558869497e-09
7.41324779340857e-10
2.05064076830297e-10
5.48534551114699e-11
1.41949785259499e-11
3.5553782140596e-12
8.62088178621434e-13
2.02615701994091e-13
4.59632332194815e-14
1.01030295240889e-14
2.44249065417534e-15
4.44089209850063e-16
2.22044604925031e-16
0
0
0
0
0
0
0
0
0
0
0
0
0
0
0
0
0
0
0
0
0
0
0
0
0
0
0
0
0
0
0
0
0
0
0
0
0
0
0
0
0
0
0
0
0
0
0
0
0
0
0
0
0
0
0
0
0
0
0
0
0
0
0
0
0
0
0
0
0
0
0
0
0
0
0
0
0
0
0
0
0
0
0
0
0
0
0
0
0
0
0
0
0
