"x"
0
0
0
0
0
0
2.68991479992648e-39
3.04744238154325e-14
2.32133965380303e-08
2.69876902048815e-05
0.00157345913616109
0.0170245650038498
0.0653974531040223
0.130291478532701
0.170768520662531
0.171139835356699
0.144093930613128
0.108011567086896
0.074631068253165
0.0484937779165832
0.0299564494273387
0.0176886096556843
0.0100080423888910
0.00543075889310574
0.00282725983525278
0.001412327642624
0.000677111114520623
0.000311655931659716
0.000137772743797115
5.85248382026782e-05
2.39026618501503e-05
9.3915086448737e-06
3.55195729973001e-06
1.29391135850199e-06
4.54259472815188e-07
1.53786758660956e-07
5.02336816587956e-08
1.58405235595183e-08
4.82470685625458e-09
1.42009759507289e-09
4.04129840703149e-10
1.11245124223558e-10
2.96335178617824e-11
7.6421091677048e-12
1.90880644623803e-12
4.61963800546528e-13
1.08246744900953e-13
2.45359288442160e-14
5.44009282066327e-15
1.22124532708767e-15
4.44089209850063e-16
0
0
0
0
0
0
0
0
0
0
0
0
0
0
0
0
0
0
0
0
0
0
0
0
0
0
0
0
0
0
0
0
0
0
0
0
0
0
0
0
0
0
0
0
0
0
0
0
0
0
0
0
0
0
0
0
0
0
0
0
0
0
0
0
0
0
0
0
0
0
0
0
0
0
0
0
0
0
0
0
0
0
0
0
0
0
0
0
0
0
0
0
0
0
0
0
