"x"
0
0
1.45986744126729e-05
0.0215256855478014
0.219356922372388
0.347558138927686
0.236616521065847
0.110582371690631
0.0429551584670189
0.0148719264268968
0.00469166168221702
0.0013560250134379
0.000359357131964
8.73114957160581e-05
1.94503899633158e-05
3.97406622898444e-06
7.45095617871172e-07
1.28267619969868e-07
2.02864862686170e-08
2.94921309595964e-09
3.94262733571793e-10
4.84779993925599e-11
5.4829474294138e-12
5.70099523145018e-13
5.45119505090952e-14
4.77395900588817e-15
3.33066907387547e-16
0
0
0
0
0
0
0
0
0
0
0
0
0
0
0
0
0
0
0
