"x"
0
0
1.33534809562522e-09
0.000865420857255316
0.0604929596664663
0.259587588862259
0.310658697859336
0.203099172869579
0.0995109761615832
0.0418212145293915
0.0158868033445433
0.00555172762551026
0.00179293544030101
0.000535472698990125
0.000147886922431617
3.77746466204698e-05
8.92762219373289e-06
1.9535277990812e-06
3.96086333842582e-07
7.44736596836049e-08
1.29958576122746e-08
2.10627415508924e-09
3.17255333115440e-10
4.44335679361529e-11
5.78881387269803e-12
7.01660951563099e-13
7.91589016557737e-14
8.21565038222616e-15
7.7715611723761e-16
1.11022302462516e-16
0
0
0
0
0
0
0
0
0
0
0
0
0
0
0
0
0
0
0
0
0
0
0
0
