"x"
0
0
6.7464428629872e-13
9.38139002555536e-05
0.0234440838238918
0.182704835859248
0.307681246694463
0.245497757629046
0.136536774655603
0.0630688913749267
0.0260353668976565
0.00987111950734232
0.00346644475295133
0.00112953963827822
0.000341557677089321
9.58476353172255e-05
2.49681345985131e-05
6.04128535763859e-06
1.35875473672442e-06
2.84309073395050e-07
5.53932342217678e-08
1.00578345652025e-08
1.70322289605451e-09
2.69188449308899e-10
3.97297750254211e-11
5.47861755961776e-12
7.061018436616e-13
8.47100167788994e-14
9.76996261670138e-15
8.88178419700125e-16
0
0
0
0
0
0
0
0
0
0
0
0
0
0
0
0
0
0
0
0
0
0
0
0
0
0
0
0
