"x"
0
0
5.10164314637689e-14
4.97826466823867e-05
0.0178637139946883
0.163612358558498
0.302141123869333
0.254407952242812
0.146312493877229
0.0692241033433074
0.0291606963003022
0.0112722736822225
0.00403724188495935
0.00134269425604128
0.000414733059151962
0.000118976142412297
3.17079523644015e-05
7.85477259968026e-06
1.8100083521988e-06
3.8830976867299e-07
7.76263979762604e-08
1.4472622322792e-08
2.51848863985771e-09
4.09355549457757e-10
6.21872553452363e-11
8.83415562924483e-12
1.17394982623864e-12
1.45883305435746e-13
1.69864122767649e-14
2.10942374678780e-15
0
0
0
0
0
0
0
0
0
0
0
0
0
0
0
0
0
0
0
0
0
0
0
0
0
0
0
0
0
