"x"
0
0
4.04512825846728e-20
5.99632374684471e-06
0.00721909361667887
0.111070304046919
0.275151343045728
0.275174301473861
0.175915011118894
0.089582485806546
0.0400737033371049
0.016385719398178
0.00620993552265237
0.00218957702910982
0.000718667590222211
0.000219574069476369
6.24583528884282e-05
1.65484514181857e-05
4.08679456853633e-06
9.41517517949464e-07
2.02526631132294e-07
4.07130316126825e-08
7.65518748391258e-09
1.34739608359524e-09
2.22158180740450e-10
3.43343131703477e-11
4.97624164097488e-12
6.77125022718883e-13
8.60422844084496e-14
1.04360964314765e-14
8.88178419700125e-16
3.33066907387547e-16
0
0
0
0
0
0
0
0
0
0
0
0
0
0
0
0
0
0
0
0
0
0
0
0
0
0
0
0
0
0
