"x"
0
0
0
1.97795059872802e-07
0.00171194113286372
0.0577968352579869
0.220981138565706
0.285478665074983
0.213188247942438
0.120424153363317
0.0583614252001644
0.0256323176786074
0.0104212046019865
0.0039487315390796
0.00139653749165369
0.000461043331781319
0.000142083635238932
4.08883649237746e-05
1.09942636297156e-05
2.76427159129344e-06
6.50466074891831e-07
1.43382050898921e-07
2.96335379568191e-08
5.74731684466201e-09
1.04685660140547e-09
1.79210868367363e-10
2.88519208524463e-11
4.37083702564678e-12
6.231681837221e-13
8.39328606616618e-14
1.06581410364015e-14
1.33226762955019e-15
1.11022302462516e-16
0
0
0
0
0
0
0
0
0
0
0
0
0
0
0
0
0
0
0
0
0
0
0
0
0
0
0
0
0
0
0
0
0
