"x"
0
0
0
7.89922983845863e-10
0.000184263285112476
0.0201659964735502
0.143048586443085
0.266744782696611
0.248661202969947
0.161999561285774
0.0870628086554979
0.0416976403273522
0.0183946404242820
0.00756650185508223
0.00291253272813263
0.00104974183448758
0.000354266526097824
0.000111963830765394
3.31522766984227e-05
9.20294191142368e-06
2.39702574300615e-06
5.86327002172204e-07
1.34811405927415e-07
2.91624981940686e-08
5.94030102885057e-09
1.14032161491195e-09
2.06444306094511e-10
3.52712303808289e-11
5.69044811271624e-12
8.67417249139635e-13
1.25011112572793e-13
1.70974345792274e-14
1.88737914186277e-15
5.55111512312578e-16
0
0
0
0
0
0
0
0
0
0
0
0
0
0
0
0
0
0
0
0
0
0
0
0
0
0
0
0
0
0
0
0
0
0
0
0
0
