"x"
0
0
0
2.09504079375951e-10
0.000110535024238263
0.0157935118759479
0.128209113031790
0.259013296145003
0.253448709225426
0.170264970055398
0.093491650880109
0.0455553738745528
0.0204148877990441
0.00852908087342608
0.00333577866057388
0.00122228146152337
0.000419595516320426
0.000134966757118549
4.06941608843692e-05
1.15086656884422e-05
3.05529518818126e-06
7.62081763694411e-07
1.78758955859948e-07
3.94680155224592e-08
8.20940582180185e-09
1.60998436804505e-09
2.97921798342315e-10
5.20536946879702e-11
8.5925710990864e-12
1.34070532453734e-12
1.97730720685740e-13
2.77555756156289e-14
3.77475828372553e-15
5.55111512312578e-16
0
0
0
0
0
0
0
0
0
0
0
0
0
0
0
0
0
0
0
0
0
0
0
0
0
0
0
0
0
0
0
0
0
0
0
0
0
0
