"x"
0
0
0
1.09462725640275e-11
3.69856164722024e-05
0.00934407631003721
0.100596780231311
0.240232695258652
0.260165697984420
0.186303282558238
0.106903602673151
0.0539259019344233
0.0249271706066330
0.0107351213697930
0.00433062269602946
0.00163843467171143
0.000581403908321731
0.000193519462663216
6.04382412812132e-05
1.77212058357634e-05
4.88203025361678e-06
1.26476346062887e-06
3.08400008197651e-07
7.08452331243947e-08
1.53454985385437e-08
3.13681103314423e-09
6.05578476253754e-10
1.10493392213584e-10
1.90661930687952e-11
3.11306536104894e-12
4.81392703477468e-13
7.04991620636974e-14
9.9920072216264e-15
9.9920072216264e-16
1.11022302462516e-16
0
0
0
0
0
0
0
0
0
0
0
0
0
0
0
0
0
0
0
0
0
0
0
0
0
0
0
0
0
0
0
0
0
0
0
0
0
0
0
