"x"
0
0
0
5.01615352351008e-15
2.99807135501903e-06
0.00280450303551329
0.0561683918125361
0.193046134157259
0.260981603050443
0.214691333853404
0.135239672815622
0.0732097014203256
0.0359662009637527
0.0164167630355631
0.00702296955557402
0.00282268724743018
0.00106629805982505
0.000378594245595165
0.000126366793263832
3.96693945532434e-05
1.17201829619162e-05
3.26152772733845e-06
8.5565371765739e-07
2.11815433304174e-07
4.95207838069334e-08
1.09436282258457e-08
2.28787555567322e-09
4.52824111540906e-10
8.49097459010295e-11
1.50932599751741e-11
2.54496423934825e-12
4.07451850037432e-13
6.18394224716212e-14
8.65973959207622e-15
1.11022302462516e-15
4.44089209850063e-16
0
0
0
0
0
0
0
0
0
0
0
0
0
0
0
0
0
0
0
0
0
0
0
0
0
0
0
0
0
0
0
0
0
0
0
0
0
0
0
0
0
0
