"x"
0
0
0
0
3.8066552311099e-09
0.000124097892204623
0.0114452407445825
0.0929676055416247
0.213042561545801
0.24357551932867
0.190146957179147
0.119890204103354
0.0665480450540603
0.0339023992556565
0.0161440524172445
0.0072355007113607
0.00305814238045121
0.00121932062188868
0.000458631966851364
0.000162774519556153
5.45356192823698e-05
1.72594734302312e-05
5.16375784365142e-06
1.46171615633683e-06
3.91830478285726e-07
9.95516954427345e-08
2.39928074075024e-08
5.48966461177969e-09
1.19336540649329e-09
2.46645370793885e-10
4.84988715854229e-11
9.07818265005744e-12
1.61859414760102e-12
2.75224287804576e-13
4.44089209850063e-14
6.77236045021345e-15
1.11022302462516e-15
1.11022302462516e-16
0
0
0
0
0
0
0
0
0
0
0
0
0
0
0
0
0
0
0
0
0
0
0
0
0
0
0
0
0
0
0
0
0
0
0
0
0
0
0
0
0
0
0
0
0
0
0
0
