"x"
0
0
0
0
1.19708865577401e-11
9.86974986107089e-06
0.00306345179473958
0.0473643144784558
0.160869162996943
0.235422779760995
0.215332865372867
0.151199562704458
0.0909484276235861
0.0495563697053535
0.0251162302092052
0.0119730946197218
0.0053894951753668
0.00229297597320532
0.000922167702611665
0.000350604827628165
0.000126053401979909
4.28792218980512e-05
1.38099653327339e-05
4.21437468245411e-06
1.21964151889031e-06
3.35011657304207e-07
8.7414260052654e-08
2.16847304557177e-08
5.11816300452494e-09
1.15022524838082e-09
2.46297759964875e-10
5.02839991867177e-11
9.7932773002185e-12
1.82098780499018e-12
3.22963877863458e-13
5.50670620214078e-14
8.43769498715119e-15
1.44328993201270e-15
5.55111512312578e-16
0
0
0
0
0
0
0
0
0
0
0
0
0
0
0
0
0
0
0
0
0
0
0
0
0
0
0
0
0
0
0
0
0
0
0
0
0
0
0
0
0
0
0
0
0
0
0
0
0
0
0
0
