"x"
0
0
0
0
3.05834111734643e-12
5.5821550900677e-06
0.00227644696922121
0.0404988747102432
0.149772912380083
0.231252693778147
0.218905420207673
0.157285094362119
0.096204701315576
0.0531356152709140
0.0272611557013364
0.0131509074805066
0.0059913324251133
0.00258076575870025
0.00105123224268533
0.000404954224130893
0.000147566916691821
5.08936036572871e-05
1.66233040018726e-05
5.14620106217833e-06
1.51123192726477e-06
4.21326177391101e-07
1.11612766806601e-07
2.81172177762912e-08
6.74114764009914e-09
1.53928958468441e-09
3.34992367179154e-10
6.95277169171504e-11
1.37705402636357e-11
2.60402810425830e-12
4.70623540138604e-13
8.1379347705024e-14
1.33226762955019e-14
1.88737914186277e-15
4.44089209850063e-16
0
0
0
0
0
0
0
0
0
0
0
0
0
0
0
0
0
0
0
0
0
0
0
0
0
0
0
0
0
0
0
0
0
0
0
0
0
0
0
0
0
0
0
0
0
0
0
0
0
0
0
0
0
