"x"
0
0
0
0
1.50249160187577e-13
1.66393968448107e-06
0.00121294088668782
0.0289429382680355
0.127768159674575
0.220582637798037
0.224283125556173
0.169017731709385
0.106985161808983
0.0607271573081629
0.0319213702304260
0.0157632229830110
0.0073526683896088
0.00324469168752317
0.00135502813232824
0.000535543372615632
0.000200358310660009
7.09868874254616e-05
2.3832913083055e-05
7.58798449229658e-06
2.29285775243948e-06
6.58100300032771e-07
1.7957017695025e-07
4.66184920666635e-08
1.15240612608147e-08
2.71457012424037e-09
6.09749029045759e-10
1.30690236410658e-10
2.67450506186151e-11
5.22859533447217e-12
9.76885239367675e-13
1.74971148680925e-13
2.97539770599542e-14
4.9960036108132e-15
9.9920072216264e-16
0
0
0
0
0
0
0
0
0
0
0
0
0
0
0
0
0
0
0
0
0
0
0
0
0
0
0
0
0
0
0
0
0
0
0
0
0
0
0
0
0
0
0
0
0
0
0
0
0
0
0
0
0
0
0
