"x"
0
0
0
0
4.52583100804825e-15
4.48340068924589e-07
0.000614840326764783
0.0200472173265307
0.106638776180216
0.207123965441757
0.227111949247953
0.179932865182644
0.118008528029517
0.0688687997601027
0.0370858704845708
0.0187382528620271
0.00894311719109564
0.00404027904694204
0.00172856608950034
0.000700389110598776
0.000268809833383066
9.77622403598444e-05
3.3710708440271e-05
1.10291768851134e-05
3.42640110984060e-06
1.01160305809866e-06
2.84065579947423e-07
7.59307056119596e-08
1.93352047705986e-08
4.69396199687111e-09
1.08717501667854e-09
2.40391484496172e-10
5.07774933211635e-11
1.02520214539936e-11
1.97930560830173e-12
3.65929508916452e-13
6.43929354282591e-14
1.08801856413265e-14
1.99840144432528e-15
2.22044604925031e-16
0
0
0
0
0
0
0
0
0
0
0
0
0
0
0
0
0
0
0
0
0
0
0
0
0
0
0
0
0
0
0
0
0
0
0
0
0
0
0
0
0
0
0
0
0
0
0
0
0
0
0
0
0
0
0
0
