"x"
0
0
0
0
4.93752835035443e-18
5.08068072100275e-08
0.000200776489192077
0.0108687972521016
0.0779204915221246
0.182789510338404
0.226242528317213
0.194155614695942
0.134650720221973
0.0820070826523362
0.0457896191928667
0.0239293913939249
0.0118079694672046
0.00551888027539915
0.00244512971129152
0.00102701685858553
0.000409002911047396
0.000154483152348450
5.53683119558501e-05
1.88430484587832e-05
6.09362590786588e-06
1.87405138751817e-06
5.48557093638102e-07
1.52949423459781e-07
4.06538377406562e-08
1.03088879654933e-08
2.49569642729597e-09
5.77214720465236e-10
1.27621802015199e-10
2.69910760408720e-11
5.46329648187793e-12
1.05870867628255e-12
1.96731519963578e-13
3.50830475781549e-14
5.99520433297585e-15
8.88178419700125e-16
2.22044604925031e-16
0
0
0
0
0
0
0
0
0
0
0
0
0
0
0
0
0
0
0
0
0
0
0
0
0
0
0
0
0
0
0
0
0
0
0
0
0
0
0
0
0
0
0
0
0
0
0
0
0
0
0
0
0
0
0
0
0
0
