"x"
0
0
0
0
2.13171023825982e-19
2.31133329186960e-08
0.000134402353672220
0.0087129536274665
0.0693635152378223
0.173863073793913
0.224557996996887
0.198185542826882
0.140136921779037
0.0866010565954627
0.0489445175947338
0.0258636209428456
0.0129018463055512
0.00609693577776826
0.00273197294844640
0.00116094048064963
0.000467901802015835
0.000178908986757986
6.49308649489644e-05
2.23814280725376e-05
7.33265168839647e-06
2.28514281097603e-06
6.77947063043582e-07
1.91627634982261e-07
5.16466414079986e-08
1.32824080623095e-08
3.26194282695980e-09
7.65487340181892e-10
1.71767378098764e-10
3.68762798075295e-11
7.57860441069624e-12
1.49180667818882e-12
2.81330514440015e-13
5.12923037376822e-14
8.77076189453874e-15
1.33226762955019e-15
4.44089209850063e-16
0
0
0
0
0
0
0
0
0
0
0
0
0
0
0
0
0
0
0
0
0
0
0
0
0
0
0
0
0
0
0
0
0
0
0
0
0
0
0
0
0
0
0
0
0
0
0
0
0
0
0
0
0
0
0
0
0
0
0
