"x"
0
0
0
0
2.01782380697514e-21
1.01669768583293e-08
8.86414789218325e-05
0.00692347750017637
0.0613746849286965
0.164660362706815
0.222180904080131
0.201805705942653
0.145551883530487
0.0912857272872174
0.0522238916243292
0.0279030724136494
0.0140696863189611
0.00672148609814827
0.00304561288676464
0.00130916474649834
0.000533902543336406
0.000206627593155262
7.59226723422435e-05
2.65020181434705e-05
8.79475227810733e-06
2.77679406202047e-06
8.3480996981855e-07
2.39168413962432e-07
6.53481690982005e-08
1.70414210520775e-08
4.24459045689218e-09
1.01046593314891e-09
2.30061747430454e-10
5.01267916064307e-11
1.04577457804567e-11
2.09010586615932e-12
4.00679489587219e-13
7.31636973227978e-14
1.33226762955019e-14
1.99840144432528e-15
1.11022302462516e-16
1.11022302462516e-16
0
0
0
0
0
0
0
0
0
0
0
0
0
0
0
0
0
0
0
0
0
0
0
0
0
0
0
0
0
0
0
0
0
0
0
0
0
0
0
0
0
0
0
0
0
0
0
0
0
0
0
0
0
0
0
0
0
0
0
