"x"
0
0
0
0
3.7264716374499e-26
1.76447791910039e-09
3.68022987404983e-05
0.00425434694426446
0.0471697501450181
0.145749667379231
0.215405148305305
0.207698587231353
0.156064289155588
0.100879807052466
0.0591459272261967
0.0323035883762419
0.0166375188769117
0.00811956562132377
0.0037603773058873
0.00165315763830010
0.000689946228729865
0.000273416340965005
0.000102924452596853
3.68253864294621e-05
1.25317173799155e-05
4.05917349199925e-06
1.25248083737706e-06
3.6843088757621e-07
1.03402762907656e-07
2.77095073553113e-08
7.09515524111026e-09
1.73712810802584e-09
4.0693282077342e-10
9.1264440449379e-11
1.96074267933000e-11
4.03721500674692e-12
7.97362176285787e-13
1.50768286744096e-13
2.77555756156289e-14
4.77395900588817e-15
9.9920072216264e-16
0
0
0
0
0
0
0
0
0
0
0
0
0
0
0
0
0
0
0
0
0
0
0
0
0
0
0
0
0
0
0
0
0
0
0
0
0
0
0
0
0
0
0
0
0
0
0
0
0
0
0
0
0
0
0
0
0
0
0
0
0
0
