"x"
0
0
0
0
1.01364625284020e-28
6.9305996858762e-10
2.31441912907185e-05
0.00328856360043391
0.0409626322868505
0.136201510744947
0.211050396469603
0.209918050142371
0.161108197838484
0.105762848467359
0.0627817887843239
0.0346668210363437
0.018042385957175
0.00889785452002056
0.00416516619500484
0.00185138037355814
0.000781466039602607
0.000313297178885064
0.000119344014352429
4.32198480363466e-05
1.48900893232051e-05
4.88390553810003e-06
1.52627447491671e-06
4.54816873496355e-07
1.29335514853501e-07
3.51241244977984e-08
9.11624431498836e-09
2.26282215187723e-09
5.37518918264368e-10
1.22268861701968e-10
2.66481281485653e-11
5.5676574461927e-12
1.11621822895813e-12
2.14273043752655e-13
3.96349619791181e-14
7.105427357601e-15
1.11022302462516e-15
0
0
0
0
0
0
0
0
0
0
0
0
0
0
0
0
0
0
0
0
0
0
0
0
0
0
0
0
0
0
0
0
0
0
0
0
0
0
0
0
0
0
0
0
0
0
0
0
0
0
0
0
0
0
0
0
0
0
0
0
0
0
0
