"x"
0
0
0
0
2.14174926302031e-31
2.60854311345516e-10
1.43107412316476e-05
0.00251768516229044
0.0353432992759842
0.126694290550643
0.206090570618798
0.21162196603848
0.165974147731697
0.110683882949691
0.0665284707127203
0.0371395597192504
0.0195309311394395
0.00973213853210997
0.00460407202563817
0.002068810000039
0.00088304280935958
0.000358094591727753
0.000138014203330816
5.0581440471098e-05
1.76394878428354e-05
5.85770540506569e-06
1.85375384809117e-06
5.59500703989357e-07
1.61179914304199e-07
4.4351852745983e-08
1.16659385485107e-08
2.93519331062697e-09
7.0688543907238e-10
1.63052349400061e-10
3.60430574275483e-11
7.63966667705063e-12
1.55353507835798e-12
3.0275781881528e-13
5.7065463465733e-14
1.03250741290140e-14
1.77635683940025e-15
2.22044604925031e-16
0
0
0
0
0
0
0
0
0
0
0
0
0
0
0
0
0
0
0
0
0
0
0
0
0
0
0
0
0
0
0
0
0
0
0
0
0
0
0
0
0
0
0
0
0
0
0
0
0
0
0
0
0
0
0
0
0
0
0
0
0
0
0
