"x"
0
0
0
0
0
9.3799523878025e-11
8.69532541676025e-06
0.00190862274269391
0.0302950979948326
0.117300591678754
0.200562550683291
0.212791139112507
0.170634554521438
0.115627122873643
0.0703807228272738
0.0397219655687505
0.0211052570508644
0.0106247661258320
0.00507902412858785
0.00230680148565765
0.000995526305529015
0.000408293332763821
0.00015918914877866
5.90334556602734e-05
2.08355628926737e-05
7.00404231135376e-06
2.24419952110644e-06
6.85933772892611e-07
2.00146217932407e-07
5.57937385181617e-08
1.48700723956452e-08
3.79168996200718e-09
9.25618581781862e-10
2.16462181512611e-10
4.85218532020326e-11
1.04313224724706e-11
2.15161222172355e-12
4.26214619153598e-13
8.0935258495174e-14
1.49880108324396e-14
2.44249065417534e-15
2.22044604925031e-16
2.22044604925031e-16
0
0
0
0
0
0
0
0
0
0
0
0
0
0
0
0
0
0
0
0
0
0
0
0
0
0
0
0
0
0
0
0
0
0
0
0
0
0
0
0
0
0
0
0
0
0
0
0
0
0
0
0
0
0
0
0
0
0
0
0
0
0
0
