"x"
0
0
0
0
0
3.21144823667729e-11
5.18860061128539e-06
0.00143238440731505
0.0257948744517791
0.108088147111043
0.194508535275379
0.213409937813718
0.175061878920853
0.120575801984011
0.0743325146819155
0.0424137838695818
0.0227673001027724
0.0115780542665973
0.00559198144008632
0.00256675808403561
0.00111981144587914
0.000464411860186309
0.000183144695378723
6.87116591288062e-05
2.45404668850480e-05
8.34949688188757e-06
2.70826956638714e-06
8.38135120639905e-07
2.47663421437672e-07
6.9929947388303e-08
1.88814227586320e-08
4.87842399810035e-09
1.20694054750459e-09
2.86105805713532e-10
6.50209885932895e-11
1.41749945115066e-11
2.96584978798364e-12
5.95745675013859e-13
1.15019105351166e-13
2.1316282072803e-14
3.77475828372553e-15
4.44089209850063e-16
4.44089209850063e-16
0
2.22044604925031e-16
0
0
0
0
0
0
0
0
0
0
0
0
0
0
0
0
0
0
0
0
0
0
0
0
0
0
0
0
0
0
0
0
0
0
0
0
0
0
0
0
0
0
0
0
0
0
0
0
0
0
0
0
0
0
0
0
0
0
0
0
0
0
