"x"
0
0
0
0
0
1.04279666413808e-11
3.03862951412112e-06
0.00106392913398589
0.0218141629152557
0.0991189554013412
0.187975532737944
0.213466579809059
0.179228854733720
0.125512226913804
0.0783770184680258
0.0452143186259099
0.0245188118965985
0.0125942771438589
0.00614492669611444
0.00285012922679428
0.00125683833605506
0.000527003289765626
0.000210179490502505
7.97651554155232e-05
2.88234231179407e-05
9.92408712285897e-06
3.25816728574679e-06
1.02077010488699e-06
3.05413260681675e-07
8.73333969586554e-08
2.3884817790254e-08
6.25195950565427e-09
1.56729973443959e-09
3.76532582890832e-10
8.67415028693586e-11
1.9171997323042e-11
4.06741307301672e-12
8.28892510185142e-13
1.62425628502660e-13
3.04201108747293e-14
5.55111512312578e-15
9.9920072216264e-16
2.22044604925031e-16
0
0
0
0
0
0
0
0
0
0
0
0
0
0
0
0
0
0
0
0
0
0
0
0
0
0
0
0
0
0
0
0
0
0
0
0
0
0
0
0
0
0
0
0
0
0
0
0
0
0
0
0
0
0
0
0
0
0
0
0
0
0
0
0
0
