"x"
0
0
0
0
0
3.19683993533580e-12
1.74531839974647e-06
0.00078192948639876
0.0183203812311499
0.0904485453859674
0.181014767232016
0.212953379956819
0.183108728280085
0.130417839975276
0.0825065958959627
0.048122407717248
0.0263613403076867
0.0136756544454721
0.00673986020456396
0.00315840808231949
0.00140759209541141
0.000596656250363647
0.000240616052278431
9.235727169421e-05
3.37613215311006e-05
1.17616173629376e-05
3.90782412673651e-06
1.23923769790313e-06
3.75368549687671e-07
1.08685381028373e-07
3.01030694815907e-08
7.98142907321164e-09
2.02707750585063e-09
4.93462826156588e-10
1.15210618822914e-10
2.58120191887201e-11
5.55255841305780e-12
1.14752651825256e-12
2.27484697745695e-13
4.38538094726937e-14
7.99360577730113e-15
9.9920072216264e-16
6.66133814775094e-16
0
0
0
0
0
0
0
0
0
0
0
0
0
0
0
0
0
0
0
0
0
0
0
0
0
0
0
0
0
0
0
0
0
0
0
0
0
0
0
0
0
0
0
0
0
0
0
0
0
0
0
0
0
0
0
0
0
0
0
0
0
0
0
0
0
0
