"x"
0
0
0
0
0
9.2031449183588e-13
9.82493149388312e-07
0.000568470029415972
0.0152779951261071
0.0821254022581564
0.173681009729846
0.211866955373533
0.186675506990215
0.135273293528675
0.0867127895050654
0.0511363988249836
0.0282962103066892
0.0148243392000506
0.00737879320276502
0.00349312877798624
0.00157310246114917
0.000673995631446767
0.000274801810731473
0.000106666455758075
3.94393407664451e-05
1.39000505228193e-05
4.67309852181241e-06
1.49976700924981e-06
4.59836275945591e-07
1.34793403216982e-07
3.78038600423736e-08
1.01510223560197e-08
2.61143806579156e-09
6.44052700060627e-10
1.52368451189488e-10
3.45977690940913e-11
7.54396545232794e-12
1.58051349785637e-12
3.18300941160032e-13
6.13953332617712e-14
1.17683640610267e-14
1.99840144432528e-15
2.22044604925031e-16
2.22044604925031e-16
0
0
0
0
0
0
0
0
0
0
0
0
0
0
0
0
0
0
0
0
0
0
0
0
0
0
0
0
0
0
0
0
0
0
0
0
0
0
0
0
0
0
0
0
0
0
0
0
0
0
0
0
0
0
0
0
0
0
0
0
0
0
0
0
0
0
