"x"
0
0
0
0
0
2.47204711814547e-13
5.41640645208188e-07
0.000408705967795279
0.0126496190866188
0.0741905640641343
0.166031845863290
0.210208382109314
0.189904214649781
0.140058536119676
0.0909863188509572
0.0542541263375117
0.0303245045848384
0.0160424052096152
0.0080637408090568
0.00385586328423548
0.00175444316175521
0.000759683211965623
0.000313110113970838
0.000122887184140108
4.59515952312417e-05
1.63819039173951e-05
5.57199132966701e-06
1.80952370310017e-06
5.61505883789337e-07
1.66611472285361e-07
4.73076937623773e-08
1.28629050744067e-08
3.35133210072058e-09
8.37227065453305e-10
2.00667704675084e-10
4.61709559473888e-11
1.02035047078175e-11
2.16671125485846e-12
4.422018307082e-13
8.71525074330748e-14
1.60982338570648e-14
2.88657986402541e-15
7.7715611723761e-16
2.22044604925031e-16
0
0
0
0
0
0
0
0
0
0
0
0
0
0
0
0
0
0
0
0
0
0
0
0
0
0
0
0
0
0
0
0
0
0
0
0
0
0
0
0
0
0
0
0
0
0
0
0
0
0
0
0
0
0
0
0
0
0
0
0
0
0
0
0
0
0
0
