"x"
0
0
0
0
0
6.14715786463789e-14
2.92191060460847e-07
0.000290503235638246
0.0103970270983362
0.0666773923719267
0.158126894411087
0.207983298535317
0.192771150470617
0.144752910448186
0.0953170820161592
0.0574728894565538
0.0324470440564291
0.0173318340967796
0.00879671457822395
0.00424821796020314
0.00195273105175953
0.000854418160234793
0.000355941191192422
0.000141230875787879
5.34018055615704e-05
1.92546686609285e-05
6.62487851788018e-06
2.17672692914839e-06
6.83503195819668e-07
2.05263124164468e-07
5.89970556852393e-08
1.62406309511809e-08
4.28469315583158e-09
1.08407138821320e-09
2.63195687466578e-10
6.13529227422305e-11
1.37392319743412e-11
2.95663493687925e-12
6.12287998080774e-13
1.21458398893992e-13
2.33146835171283e-14
4.55191440096314e-15
6.66133814775094e-16
2.22044604925031e-16
0
0
0
0
0
0
0
0
0
0
0
0
0
0
0
0
0
0
0
0
0
0
0
0
0
0
0
0
0
0
0
0
0
0
0
0
0
0
0
0
0
0
0
0
0
0
0
0
0
0
0
0
0
0
0
0
0
0
0
0
0
0
0
0
0
0
0
0
