"x"
0
0
0
0
0
1.40126949762377e-14
1.54105950206646e-07
0.000204077613411839
0.00848205277494152
0.0596115155322671
0.150026991722518
0.205201951287031
0.195254148875981
0.149335263088517
0.0996941628811958
0.0607894317413197
0.0346643683194792
0.0186945019928916
0.0095797146716663
0.00467182976190239
0.00216912500081068
0.000958937394813675
0.000403723064092865
0.000161926806361512
6.19039906051277e-05
2.25712525574462e-05
7.85476167086685e-06
2.61077741126048e-06
8.29450446770963e-07
2.52067451356197e-07
7.33269220898336e-08
2.04331145337022e-08
5.45784961669682e-09
1.39830524936713e-09
3.43826633830702e-10
8.11862799210417e-11
1.84189330454387e-11
4.01723099230367e-12
8.42548253388031e-13
1.69975145070111e-13
3.29736238313671e-14
6.10622663543836e-15
9.9920072216264e-16
4.44089209850063e-16
0
0
0
0
0
0
0
0
0
0
0
0
0
0
0
0
0
0
0
0
0
0
0
0
0
0
0
0
0
0
0
0
0
0
0
0
0
0
0
0
0
0
0
0
0
0
0
0
0
0
0
0
0
0
0
0
0
0
0
0
0
0
0
0
0
0
0
0
0
