"x"
0
0
0
0
0
2.89129891633108e-15
7.93897497220534e-08
0.000141646681258226
0.00686736484635673
0.0530109378074816
0.141793358506019
0.20187918049149
0.197332836635175
0.153784065724596
0.104105844578033
0.064199922340434
0.0369767161635914
0.0201321658960352
0.0104147216542052
0.00512836211516732
0.00240482453114688
0.00107401579682531
0.000456912398185461
0.000185223017884373
7.15831787356791e-05
2.63904462007858e-05
9.2875368188361e-06
3.12239732802588e-06
1.00353291465627e-06
3.08568440687829e-07
9.08367873142524e-08
2.56192435044156e-08
6.92718504780032e-09
1.79684866985497e-09
4.47398229574958e-10
1.06992970039244e-10
2.45884423932807e-11
5.4328763710032e-12
1.15474296791263e-12
2.36366481942696e-13
4.6296300126869e-14
8.99280649946377e-15
1.55431223447522e-15
2.22044604925031e-16
0
0
0
0
0
0
0
0
0
0
0
0
0
0
0
0
0
0
0
0
0
0
0
0
0
0
0
0
0
0
0
0
0
0
0
0
0
0
0
0
0
0
0
0
0
0
0
0
0
0
0
0
0
0
0
0
0
0
0
0
0
0
0
0
0
0
0
0
0
0
