"x"
0
0
0
0
0
5.30912543787086e-16
3.99086799496573e-08
9.71047632665483e-05
0.00551711028077544
0.0468863028921012
0.133486766107741
0.198034342023246
0.198988883768258
0.158077547495236
0.108539629525188
0.067699939173774
0.0393840062226257
0.0216464497304847
0.0113036879304548
0.00561950045671511
0.00266106819859058
0.00120046626464454
0.000515995285481075
0.000211387218188031
8.25761359967148e-05
3.07774118100124e-05
1.09522820247454e-05
3.72378259794193e-06
1.21057263868796e-06
3.76567941495765e-07
1.12164376675494e-07
3.20132159670194e-08
8.76109229608346e-09
2.30049135296895e-09
5.79937209366221e-10
1.40439770923706e-10
3.26878524248286e-11
7.31614768767486e-12
1.57551749424556e-12
3.26405569239796e-13
6.51700915454967e-14
1.26565424807268e-14
2.55351295663786e-15
4.44089209850063e-16
0
0
0
0
0
0
0
0
0
0
0
0
0
0
0
0
0
0
0
0
0
0
0
0
0
0
0
0
0
0
0
0
0
0
0
0
0
0
0
0
0
0
0
0
0
0
0
0
0
0
0
0
0
0
0
0
0
0
0
0
0
0
0
0
0
0
0
0
0
0
0
