"x"
0
0
0
0
0
8.47253272095829e-17
1.95550717925606e-08
6.57276564043034e-05
0.00439742319409417
0.0412412961707911
0.125166719628221
0.193691165665872
0.200206244475906
0.162193837865038
0.112982266413819
0.0712844543371347
0.0418858178786178
0.02323883014231
0.0122485288347057
0.0061469474478032
0.00293913171326587
0.00133913960246912
0.000581487949966375
0.000240707664313833
9.50321083025285e-05
3.5804194112421e-05
1.28815640612068e-05
4.42876816253435e-06
1.45610975121890e-06
4.5816259020004e-07
1.3806123977389e-07
3.98706976323382e-08
1.10422548882383e-08
2.93469326617668e-09
7.48918149717781e-10
1.83621451377292e-10
4.3278269856728e-11
9.81059677940266e-12
2.13995487996499e-12
4.49529302670726e-13
9.10382880192628e-14
1.73194791841524e-14
3.44169137633799e-15
5.55111512312578e-16
2.22044604925031e-16
0
0
0
0
0
0
0
0
0
0
0
0
0
0
0
0
0
0
0
0
0
0
0
0
0
0
0
0
0
0
0
0
0
0
0
0
0
0
0
0
0
0
0
0
0
0
0
0
0
0
0
0
0
0
0
0
0
0
0
0
0
0
0
0
0
0
0
0
0
0
0
