"x"
0
0
0
0
0
1.13460064241072e-17
9.32896125970758e-09
4.39109946234488e-05
0.00347680291874824
0.0360731666077556
0.116890674952992
0.188877549281037
0.200971384240352
0.166111119248414
0.117419784475904
0.0749478220117344
0.0444813725326179
0.0249106220692055
0.0132511133893161
0.00671241786593091
0.00324032579733213
0.00149092423489161
0.00065393736744701
0.000273494023779075
0.000109113574590425
4.15502524088174e-05
1.51117644016097e-05
5.25300684006691e-06
1.74649192241638e-06
5.5578505719911e-07
1.69410421357874e-07
4.94958999341932e-08
1.38703082352976e-08
3.73052788660289e-09
9.63580104595962e-10
2.39161579429492e-10
5.70712366254611e-11
1.31010757797867e-11
2.89424040289532e-12
6.15285600247262e-13
1.26232357899880e-13
2.50910403565285e-14
4.44089209850063e-15
9.9920072216264e-16
2.22044604925031e-16
0
0
0
0
0
0
0
0
0
0
0
0
0
0
0
0
0
0
0
0
0
0
0
0
0
0
0
0
0
0
0
0
0
0
0
0
0
0
0
0
0
0
0
0
0
0
0
0
0
0
0
0
0
0
0
0
0
0
0
0
0
0
0
0
0
0
0
0
0
0
0
0
