"x"
0
0
0
0
0
1.20578056796079e-18
4.32751011073347e-09
2.89436463508771e-05
0.00272636898989711
0.0313733465525861
0.108713306000308
0.183625290379179
0.201273489198506
0.169807788419775
0.121837535319134
0.0786837691675727
0.047169515367429
0.0266629641263504
0.0143132547477642
0.00731763318103884
0.0035659937780419
0.00165674574029495
0.000733921791389425
0.000310078207418907
0.000124997007567740
4.81030126915361e-05
1.76834246617963e-05
6.21416228296923e-06
2.08897244602380e-06
6.72249969912997e-07
2.07246432903929e-07
6.12496897645087e-08
1.73649346013605e-08
4.72579231303172e-09
1.23530663476146e-09
3.10332759489995e-10
7.49672546263014e-11
1.74236181038623e-11
3.897770994854e-12
8.39772695826468e-13
1.74193992563687e-13
3.48610029732299e-14
6.66133814775094e-15
1.33226762955019e-15
0
2.22044604925031e-16
0
0
0
0
0
0
0
0
0
0
0
0
0
0
0
0
0
0
0
0
0
0
0
0
0
0
0
0
0
0
0
0
0
0
0
0
0
0
0
0
0
0
0
0
0
0
0
0
0
0
0
0
0
0
0
0
0
0
0
0
0
0
0
0
0
0
0
0
0
0
0
0
