"x"
0
0
0
0
0
9.20480693192717e-20
1.94927620490268e-09
1.88156092671955e-05
0.00212000425490849
0.0271281460534835
0.100685837230349
0.177969757813939
0.201104653914535
0.173262625545138
0.126220242557911
0.0824853893542516
0.0499486977366738
0.0284968038542147
0.0154367003396830
0.00796431582351786
0.00391750891550624
0.00183756619658215
0.000822051176656013
0.000350815167338703
0.000142873638373398
5.55584385135699e-05
2.06416114717500e-05
7.33211652048649e-06
2.49181748834815e-06
8.10804901441031e-07
2.52777748177557e-07
7.5558865608727e-08
2.16694480137392e-08
5.96631388738444e-09
1.57807378275976e-09
4.01204069966354e-10
9.80981962328542e-11
2.3080093392025e-11
5.22804022295986e-12
1.14019904629004e-12
2.40141240226421e-13
4.84057238736568e-14
9.54791801177635e-15
1.66533453693773e-15
4.44089209850063e-16
0
0
0
0
0
0
0
0
0
0
0
0
0
0
0
0
0
0
0
0
0
0
0
0
0
0
0
0
0
0
0
0
0
0
0
0
0
0
0
0
0
0
0
0
0
0
0
0
0
0
0
0
0
0
0
0
0
0
0
0
0
0
0
0
0
0
0
0
0
0
0
0
0
0
