"x"
0
0
0
0
0
4.49852151229613e-23
3.59867553845608e-10
7.61528689808967e-06
0.00124901674847707
0.0199257267316102
0.0852648072195533
0.165605848572046
0.199338028471116
0.179364897723433
0.134816634322216
0.0902548426358236
0.0557719172252421
0.0324117220384487
0.0178741042580421
0.00938894113141353
0.0047037054788015
0.00224822948686088
0.00102534492229056
0.000446286921406913
0.000185449794000925
7.36073724089126e-05
2.79227804107496e-05
1.01303922602769e-05
3.51744187065961e-06
1.16968439789478e-06
3.72784674906868e-07
1.13945018531680e-07
3.34250285227711e-08
9.41602351645088e-09
2.54888699036115e-09
6.63401000799979e-10
1.66106239873898e-10
4.00325328442364e-11
9.29090138157562e-12
2.07756034598106e-12
4.47752945831326e-13
9.30366894635881e-14
1.87627691161651e-14
3.33066907387547e-15
7.7715611723761e-16
2.22044604925031e-16
0
0
0
0
0
0
0
0
0
0
0
0
0
0
0
0
0
0
0
0
0
0
0
0
0
0
0
0
0
0
0
0
0
0
0
0
0
0
0
0
0
0
0
0
0
0
0
0
0
0
0
0
0
0
0
0
0
0
0
0
0
0
0
0
0
0
0
0
0
0
0
0
0
0
0
