"x"
0
0
0
0
0
1.17150102751978e-27
5.78823024196917e-11
2.90107059987416e-06
0.00070992674127356
0.0142827173267466
0.0709483261318223
0.152124394135918
0.195671854166867
0.184262609383754
0.143076578683309
0.0981882486776053
0.061930149672366
0.0366585712075489
0.0205755986945484
0.0109998560290795
0.00561038204156128
0.00273130351897777
0.00126934119545163
0.000563237215547296
0.000238695976434999
9.66582274594119e-05
3.74213752180053e-05
1.3860103462493e-05
4.91445337713614e-06
1.66935800527401e-06
5.43616714199224e-07
1.69825846163540e-07
5.09299040718503e-08
1.46716889748433e-08
4.06250644235939e-09
1.08185960190355e-09
2.77238676460456e-10
6.84028389486002e-11
1.62577729057034e-11
3.72379904689524e-12
8.22120149734928e-13
1.75193193285850e-13
3.58602036953926e-14
7.43849426498855e-15
1.33226762955019e-15
0
2.22044604925031e-16
0
0
0
0
0
0
0
0
0
0
0
0
0
0
0
0
0
0
0
0
0
0
0
0
0
0
0
0
0
0
0
0
0
0
0
0
0
0
0
0
0
0
0
0
0
0
0
0
0
0
0
0
0
0
0
0
0
0
0
0
0
0
0
0
0
0
0
0
0
0
0
0
0
0
0
0
