"x"
0
0
0
0
0
3.79384996482341e-30
2.19290728417657e-11
1.74830943202343e-06
0.000527801648122206
0.0119789597306137
0.06428202467763
0.145078500170258
0.193141187717996
0.186215890855217
0.147037424437095
0.102192483649169
0.065126393428164
0.0389063858922862
0.0220287532656802
0.0118793071220927
0.00611255922074672
0.00300275683199969
0.00140846943581496
0.000630918848871231
0.000269976775661429
0.000110407214720665
4.31745140285766e-05
1.61543768664174e-05
5.78733245659713e-06
1.9865211584591e-06
6.53787219362378e-07
2.06445660677623e-07
6.25880046678517e-08
1.82294024320129e-08
5.10409126075473e-09
1.37462974336700e-09
3.56301876891507e-10
8.89299744954997e-11
2.13841166996076e-11
4.95636864883409e-12
1.10778053397098e-12
2.39142039504259e-13
4.96269692007445e-14
9.8809849191639e-15
1.66533453693773e-15
4.44089209850063e-16
0
0
0
0
0
0
0
0
0
0
0
0
0
0
0
0
0
0
0
0
0
0
0
0
0
0
0
0
0
0
0
0
0
0
0
0
0
0
0
0
0
0
0
0
0
0
0
0
0
0
0
0
0
0
0
0
0
0
0
0
0
0
0
0
0
0
0
0
0
0
0
0
0
0
0
0
0
0
