"x"
0
0
0
0
0
9.94922945097246e-33
7.97218154557243e-12
1.03625191312893e-06
0.00038865111366263
0.00998243027612737
0.0579742545913273
0.137891897357786
0.190160117721023
0.187818115405504
0.150862167423468
0.10620776616739
0.0683952452445967
0.0412365411302145
0.0235517320454703
0.0128102226981517
0.00664926892386952
0.00329568649512646
0.00156007704098293
0.000705405450369123
0.00030475036203681
0.000125847824920644
4.97024213605979e-05
1.87848855833783e-05
6.79873081177451e-06
2.35794660674582e-06
7.84200550829617e-07
2.50267207402288e-07
7.66926455675332e-08
2.25816801924239e-08
6.39264130519734e-09
1.74093628402261e-09
4.56361393119664e-10
1.15209619622192e-10
2.80252487883104e-11
6.57163212736123e-12
1.48647760767062e-12
3.24296145493008e-13
6.82787160144471e-14
1.40998324127395e-14
2.33146835171283e-15
9.9920072216264e-16
0
0
0
0
0
0
0
0
0
0
0
0
0
0
0
0
0
0
0
0
0
0
0
0
0
0
0
0
0
0
0
0
0
0
0
0
0
0
0
0
0
0
0
0
0
0
0
0
0
0
0
0
0
0
0
0
0
0
0
0
0
0
0
0
0
0
0
0
0
0
0
0
0
0
0
0
0
0
0
