"x"
0
0
0
0
0
2.10218848878825e-35
2.77312201602299e-12
6.03758126741882e-07
0.000283389209802385
0.00826442095122378
0.0520410936471611
0.130611889743173
0.18674381323411
0.189055786919039
0.154533194456967
0.110222902268183
0.071731991590793
0.0436482341190776
0.0251455257432749
0.0137941474427574
0.00722199714394445
0.00361127500014513
0.00172499759407496
0.000787231273602251
0.000343332131670482
0.000143152956474268
5.70936219725926e-05
2.17941529127019e-05
7.96788202395149e-06
2.79185081997202e-06
9.38180439336023e-07
3.02566489307488e-07
9.37096400477344e-08
2.78904962458526e-08
7.9818870402093e-09
2.19780693644367e-09
5.82577097674175e-10
1.48740575411921e-10
3.65966146276264e-11
8.68149996335887e-12
1.98630001335687e-12
4.38871161634324e-13
9.32587340685131e-14
1.94289029309402e-14
3.77475828372553e-15
8.88178419700125e-16
0
0
0
0
0
0
0
0
0
0
0
0
0
0
0
0
0
0
0
0
0
0
0
0
0
0
0
0
0
0
0
0
0
0
0
0
0
0
0
0
0
0
0
0
0
0
0
0
0
0
0
0
0
0
0
0
0
0
0
0
0
0
0
0
0
0
0
0
0
0
0
0
0
0
0
0
0
0
0
0
