"x"
0
0
0
0
0
0
2.89976130253072e-13
1.94221553363504e-07
0.000146158178300502
0.00555180942971973
0.0413363800643656
0.115957931909863
0.178682241501993
0.190392684127797
0.161344025628920
0.118205304689588
0.0785878436754592
0.0487114743140469
0.0285487457181761
0.0159269209126434
0.00848144436736886
0.00431527595632031
0.00209826380283118
0.000975174630181708
0.000433284890668628
0.000184116734307738
7.48609945434575e-05
2.91416179908355e-05
1.08678845063270e-05
3.88543794527241e-06
1.33257956347332e-06
4.38730129337372e-07
1.38752284217780e-07
4.2179366332995e-08
1.23323538048226e-08
3.47004913692217e-09
9.40188482623228e-10
2.45425013645217e-10
6.175415734333e-11
1.49857903863904e-11
3.50863782472288e-12
7.93143328792212e-13
1.72861724934137e-13
3.65263375101677e-14
7.43849426498855e-15
1.55431223447522e-15
2.22044604925031e-16
0
0
0
0
0
0
0
0
0
0
0
0
0
0
0
0
0
0
0
0
0
0
0
0
0
0
0
0
0
0
0
0
0
0
0
0
0
0
0
0
0
0
0
0
0
0
0
0
0
0
0
0
0
0
0
0
0
0
0
0
0
0
0
0
0
0
0
0
0
0
0
0
0
0
0
0
0
0
0
0
0
