"x"
0
0
0
0
0
0
8.64629509920773e-14
1.07100231203041e-07
0.000103329658639564
0.00450373808778074
0.0365711909514948
0.10867400748664
0.174082924860698
0.190474569265707
0.164449336768609
0.122147635618213
0.0820950411202291
0.0513598294026237
0.0303593439191635
0.0170785524195709
0.00917111158217288
0.00470616312295524
0.00230842598031145
0.00108249815782624
0.00048539150540039
0.000208191452183204
8.54567642341042e-05
3.35884886427662e-05
1.26493554659657e-05
4.5673849984329e-06
1.58227031610281e-06
5.26258522204337e-07
1.68154849378155e-07
5.16523254168177e-08
1.52619238358298e-08
4.34035662966181e-09
1.18873455523527e-09
3.13705061927294e-10
7.98103805266237e-11
1.95845561989927e-11
4.63706850695189e-12
1.06059605542441e-12
2.33701946683595e-13
5.01820807130571e-14
1.03250741290140e-14
1.99840144432528e-15
2.22044604925031e-16
2.22044604925031e-16
0
0
0
0
0
0
0
0
0
0
0
0
0
0
0
0
0
0
0
0
0
0
0
0
0
0
0
0
0
0
0
0
0
0
0
0
0
0
0
0
0
0
0
0
0
0
0
0
0
0
0
0
0
0
0
0
0
0
0
0
0
0
0
0
0
0
0
0
0
0
0
0
0
0
0
0
0
0
0
0
0
