"x"
0
0
0
0
0
0
2.42624940202121e-14
5.79086266283253e-08
7.22656149884512e-05
0.00362790329094370
0.0321940110325781
0.101475701220746
0.169139878526564
0.190157490215055
0.167332194450736
0.126040033739295
0.0856463148632833
0.0540833137466332
0.0322430778831759
0.0182887420149858
0.00990268319981136
0.00512465292983411
0.00253553205556778
0.00119957296210127
0.000542778610926997
0.000234964092898582
9.73560832324694e-05
3.86322089991342e-05
1.46902800136628e-05
5.35659740963368e-06
1.87420349517797e-06
6.2965609226584e-07
2.03251844355101e-07
6.30794575462446e-08
1.88335544937246e-08
5.41284372879147e-09
1.49835333029813e-09
3.99699606745685e-10
1.02803432433518e-10
2.55064858123433e-11
6.1070037915556e-12
1.4122036873232e-12
3.15192316691082e-13
6.78346268045971e-14
1.44328993201270e-14
2.66453525910038e-15
6.66133814775094e-16
0
2.22044604925031e-16
0
0
0
0
0
0
0
0
0
0
0
0
0
0
0
0
0
0
0
0
0
0
0
0
0
0
0
0
0
0
0
0
0
0
0
0
0
0
0
0
0
0
0
0
0
0
0
0
0
0
0
0
0
0
0
0
0
0
0
0
0
0
0
0
0
0
0
0
0
0
0
0
0
0
0
0
0
0
0
0
0
