"x"
0
0
0
0
0
0
6.36771200667245e-15
3.06788605206995e-08
4.99833726162243e-05
0.00290151172898215
0.028197120286272
0.094402667877952
0.163882698500633
0.189438407606114
0.169976462475809
0.129869010939107
0.0892344656035216
0.0568794654693509
0.0342000599035428
0.0195586778994823
0.0106775898442809
0.00557202070778906
0.00278055868073968
0.00132707097192342
0.00060586959617881
0.00026468159696047
0.000110693202329593
4.4341163379702e-05
1.70234285872262e-05
6.26789852198328e-06
2.21472610251183e-06
7.51501489149042e-07
2.45039413204751e-07
7.6827327277762e-08
2.31759479385474e-08
6.73068456524817e-09
1.88290361080590e-09
5.07668018734364e-10
1.31988642237957e-10
3.31065175274148e-11
8.01525512628132e-12
1.87372339865988e-12
4.2321701698711e-13
9.2592600253738e-14
1.93178806284777e-14
3.77475828372553e-15
9.9920072216264e-16
0
0
0
0
0
0
0
0
0
0
0
0
0
0
0
0
0
0
0
0
0
0
0
0
0
0
0
0
0
0
0
0
0
0
0
0
0
0
0
0
0
0
0
0
0
0
0
0
0
0
0
0
0
0
0
0
0
0
0
0
0
0
0
0
0
0
0
0
0
0
0
0
0
0
0
0
0
0
0
0
0
0
0
0
