"x"
0
0
0
0
0
0
3.47386565277398e-16
8.07389721290821e-09
2.31036871579516e-05
0.00181542631474035
0.0212960544717081
0.0807760767577557
0.152554802936414
0.186794306906344
0.174488214920874
0.137281249170429
0.0964901615242006
0.0626780884199277
0.0383331564278088
0.0222820485251563
0.012362986745576
0.00655853501752102
0.00332840299895421
0.00161616018906174
0.000750972030829078
0.000334022737910722
0.000142272188989989
5.80604291235964e-05
2.27149913876179e-05
8.5249439998325e-06
3.07114663988806e-06
1.06273499622667e-06
3.53465651858897e-07
1.13068962082075e-07
3.48081786727406e-08
1.03185545663464e-08
2.94715796211875e-09
8.11468114925162e-10
2.15499840194866e-10
5.52268231146513e-11
1.36636257863643e-11
3.26516591542259e-12
7.54174500627869e-13
1.68309810533174e-13
3.59712259978551e-14
7.7715611723761e-15
1.44328993201270e-15
4.44089209850063e-16
0
0
0
0
0
0
0
0
0
0
0
0
0
0
0
0
0
0
0
0
0
0
0
0
0
0
0
0
0
0
0
0
0
0
0
0
0
0
0
0
0
0
0
0
0
0
0
0
0
0
0
0
0
0
0
0
0
0
0
0
0
0
0
0
0
0
0
0
0
0
0
0
0
0
0
0
0
0
0
0
0
0
0
0
0
