"x"
0
0
0
0
0
0
1.28225075223934e-17
1.93870206432521e-09
1.01802154266880e-05
0.00110187892647352
0.0157442853255014
0.068047177222429
0.140373251426940
0.182567657545515
0.177871486088730
0.144271344528724
0.103794932479935
0.0687285463440049
0.0427551338705447
0.0252560745529626
0.0142380866207535
0.00767603215055046
0.00396023932699852
0.00195567872829228
0.000924551025854425
0.000418533277794286
0.000181492790801041
7.54277937092818e-05
3.00602400763461e-05
1.14950258673918e-05
4.22048413961651e-06
1.48878227890226e-06
5.04889939523245e-07
1.64715140638094e-07
5.17259616250598e-08
1.56451457344886e-08
4.56030824214082e-09
1.28170885016488e-09
3.47529116595524e-10
9.09524677794593e-11
2.29861685241417e-11
5.61228841178263e-12
1.32427402377289e-12
3.02091685000505e-13
6.66133814775094e-14
1.43218770176645e-14
2.88657986402541e-15
7.7715611723761e-16
0
0
0
0
0
0
0
0
0
0
0
0
0
0
0
0
0
0
0
0
0
0
0
0
0
0
0
0
0
0
0
0
0
0
0
0
0
0
0
0
0
0
0
0
0
0
0
0
0
0
0
0
0
0
0
0
0
0
0
0
0
0
0
0
0
0
0
0
0
0
0
0
0
0
0
0
0
0
0
0
0
0
0
0
0
0
0
