"x"
0
0
0
0
0
0
2.02985773679126e-18
9.15638771374847e-10
6.63217833388385e-06
0.000848390488573816
0.0134264573738176
0.0620821591835842
0.134053192208818
0.179879969250371
0.179109186825105
0.147572231510227
0.107442738210491
0.0718380371853935
0.0450723073500154
0.0268388664685562
0.0152499492202676
0.00828712181757563
0.00431032883664395
0.00214630992738707
0.00102332666677385
0.000467280972828221
0.000204428433024706
8.57255060469075e-05
3.44767113147348e-05
1.33061492159081e-05
4.93134502299597e-06
1.75608172403585e-06
6.0126941214822e-07
1.98067126588874e-07
6.28117791112714e-08
1.91872511212665e-08
5.64904534261501e-09
1.60385504877070e-09
4.39348779579518e-10
1.1617795614427e-10
2.96694890877802e-11
7.32125471358813e-12
1.74638081773537e-12
4.02344824124157e-13
9.02611319020252e-14
1.92068583260152e-14
3.88578058618805e-15
8.88178419700125e-16
2.22044604925031e-16
0
0
0
0
0
0
0
0
0
0
0
0
0
0
0
0
0
0
0
0
0
0
0
0
0
0
0
0
0
0
0
0
0
0
0
0
0
0
0
0
0
0
0
0
0
0
0
0
0
0
0
0
0
0
0
0
0
0
0
0
0
0
0
0
0
0
0
0
0
0
0
0
0
0
0
0
0
0
0
0
0
0
0
0
0
0
0
