"x"
0
0
0
0
0
0
2.70619962300563e-19
4.21336339581058e-10
4.26514509825523e-06
0.000647968959334706
0.0113858185182265
0.0564090125112046
0.127629878947828
0.176824625327383
0.180030369109791
0.150724553381085
0.111074390091170
0.0749974865090682
0.0474586125671483
0.0284861896619609
0.0163129361066418
0.0089348092000634
0.00468465834846155
0.00235195091269769
0.00113083804089464
0.000520823507193291
0.000229852470789549
9.72469715462276e-05
3.94646039071356e-05
1.53710712837984e-05
5.74960669419422e-06
2.06674868630241e-06
7.14381336974768e-07
2.37595600971474e-07
7.60814100608798e-08
2.34697203893575e-08
6.97869395605011e-09
2.00131111682822e-09
5.53803780611872e-10
1.47949541506875e-10
3.81767950585754e-11
9.51927425774102e-12
2.29438690269035e-12
5.35016475566863e-13
1.20570220474292e-13
2.64233079860787e-14
5.55111512312578e-15
8.88178419700125e-16
4.44089209850063e-16
0
0
0
0
0
0
0
0
0
0
0
0
0
0
0
0
0
0
0
0
0
0
0
0
0
0
0
0
0
0
0
0
0
0
0
0
0
0
0
0
0
0
0
0
0
0
0
0
0
0
0
0
0
0
0
0
0
0
0
0
0
0
0
0
0
0
0
0
0
0
0
0
0
0
0
0
0
0
0
0
0
0
0
0
0
0
0
0
