"x"
0
0
0
0
0
0
1.25468332440149e-24
1.41821489518733e-11
6.36257274354202e-07
0.000202703562668053
0.00555623630927464
0.0368597013613375
0.101639576190245
0.161251712019978
0.180400922748328
0.161568179442559
0.125228292205939
0.0880257290581383
0.0576592544411405
0.0357248075693107
0.0210971191790467
0.0119164363750480
0.00644672086532572
0.00334194579104363
0.00166036262558444
0.000790727583328987
0.000361072719994748
0.000158154154291101
6.64813839309497e-05
2.68347026496363e-05
1.04071470421463e-05
3.88037788834339e-06
1.39185847636281e-06
4.80577865946685e-07
1.59824573353617e-07
5.122600355012e-08
1.58325847987584e-08
4.72134098483679e-09
1.35912370247127e-09
3.77877062973653e-10
1.01518682349422e-10
2.63663535449155e-11
6.62270238649398e-12
1.60949031879909e-12
3.78697073699641e-13
8.58202398035246e-14
1.94289029309402e-14
3.77475828372553e-15
9.9920072216264e-16
0
0
0
0
0
0
0
0
0
0
0
0
0
0
0
0
0
0
0
0
0
0
0
0
0
0
0
0
0
0
0
0
0
0
0
0
0
0
0
0
0
0
0
0
0
0
0
0
0
0
0
0
0
0
0
0
0
0
0
0
0
0
0
0
0
0
0
0
0
0
0
0
0
0
0
0
0
0
0
0
0
0
0
0
0
0
0
0
0
0
0
0
