"x"
0
0
0
0
0
0
4.36571000058107e-29
2.14267856634963e-12
2.2510763424397e-07
0.000107518452518579
0.00374331502950737
0.0290231848881267
0.0889536669450364
0.151742422887791
0.178540522297775
0.165744575995891
0.131925531291264
0.0946867235520762
0.0631195272308464
0.0397317052483696
0.0238209362343217
0.0136584840268869
0.00750240385440137
0.00395009672672264
0.00199394561199218
0.00096513692882172
0.000448069848593691
0.000199592896669265
8.53476067806946e-05
3.50525474397401e-05
1.38351579381801e-05
5.25108944526842e-06
1.91771182056488e-06
6.74298890612768e-07
2.28411855984767e-07
7.45825211589946e-08
2.34884619532139e-08
7.1385332089946e-09
2.09473149936912e-09
5.93787574665328e-10
1.62676760950831e-10
4.30933067008255e-11
1.10426112698292e-11
2.73825406793549e-12
6.57363052880555e-13
1.53432822003197e-13
3.43058914609173e-14
7.21644966006352e-15
1.66533453693773e-15
2.22044604925031e-16
2.22044604925031e-16
0
0
0
0
0
0
0
0
0
0
0
0
0
0
0
0
0
0
0
0
0
0
0
0
0
0
0
0
0
0
0
0
0
0
0
0
0
0
0
0
0
0
0
0
0
0
0
0
0
0
0
0
0
0
0
0
0
0
0
0
0
0
0
0
0
0
0
0
0
0
0
0
0
0
0
0
0
0
0
0
0
0
0
0
0
0
0
0
0
0
0
0
