"x"
0
0
0
0
0
0
4.97868170516962e-34
2.78437862015294e-13
7.47619383434741e-08
5.49330160709315e-05
0.00245893586471621
0.0224390883770552
0.0768053595622175
0.141347671737056
0.175316746230146
0.168962164770612
0.138245699753990
0.101369947679815
0.0687870742194645
0.0439909266246147
0.0267730178643899
0.0155798904433015
0.00868655479915525
0.00464376211803141
0.00238090052912132
0.00117092958904697
0.000552507875401065
0.000250214799949244
0.000108804624355918
4.54535215638208e-05
1.82524408243179e-05
7.0496400176312e-06
2.6204127118179e-06
9.3797911404625e-07
3.23517324041234e-07
1.07581318853356e-07
3.45109940624866e-08
1.06855523318572e-08
3.19509507740179e-09
9.23073395497909e-10
2.57788790314351e-10
6.9625305521015e-11
1.81941128829521e-11
4.6020964816762e-12
1.12687636999453e-12
2.67341704329738e-13
6.18394224716212e-14
1.36557432028894e-14
2.88657986402541e-15
6.66133814775094e-16
0
0
0
0
0
0
0
0
0
0
0
0
0
0
0
0
0
0
0
0
0
0
0
0
0
0
0
0
0
0
0
0
0
0
0
0
0
0
0
0
0
0
0
0
0
0
0
0
0
0
0
0
0
0
0
0
0
0
0
0
0
0
0
0
0
0
0
0
0
0
0
0
0
0
0
0
0
0
0
0
0
0
0
0
0
0
0
0
0
0
0
0
0
0
0
