"x"
0
0
0
0
0
0
1.27308182357435e-36
9.42574082075522e-14
4.20224787360459e-08
3.86968420931505e-05
0.00197355789130269
0.0195920846066851
0.0709978609020004
0.135887701114911
0.173204530653075
0.170185473773622
0.141234732204946
0.104700150539536
0.0716891423277495
0.0462125799482158
0.02833570048194
0.0166103745617310
0.00932958618419866
0.00502509978901067
0.00259626564910487
0.00128690124572817
0.000612107684124119
0.000279472675941528
0.000122536946442486
5.16216927309854e-05
2.09063746621219e-05
8.14447678387786e-06
3.05385114640622e-06
1.10279636089672e-06
3.8376451927391e-07
1.28768547047464e-07
4.16846588358055e-08
1.30257185038118e-08
3.93110388685614e-09
1.14639275849981e-09
3.23198023899351e-10
8.81288375609302e-11
2.32527330723542e-11
5.93902704792981e-12
1.46915812848647e-12
3.51829676503712e-13
8.1823436914874e-14
1.86517468137026e-14
3.66373598126302e-15
1.22124532708767e-15
2.22044604925031e-16
0
0
0
0
0
0
0
0
0
0
0
0
0
0
0
0
0
0
0
0
0
0
0
0
0
0
0
0
0
0
0
0
0
0
0
0
0
0
0
0
0
0
0
0
0
0
0
0
0
0
0
0
0
0
0
0
0
0
0
0
0
0
0
0
0
0
0
0
0
0
0
0
0
0
0
0
0
0
0
0
0
0
0
0
0
0
0
0
0
0
0
0
0
0
0
