"x"
0
0
0
0
0
0
0
9.3759639179817e-15
1.25949957238069e-08
1.86295543916962e-05
0.00124597904974757
0.0147216966172616
0.0600225182989253
0.124588738122756
0.168018457505617
0.171817611487805
0.146811564732352
0.111295443221409
0.077608196607223
0.0508328694266693
0.0316353242333828
0.0188154372288977
0.0107229893941198
0.0058617354532643
0.00307468308719983
0.00154778740047001
0.000747902679514745
0.000347001923428958
0.000154649086835157
6.6237392532198e-05
2.7279464504093e-05
1.08092679053096e-05
4.12327876730956e-06
1.51507711310117e-06
5.36574004894597e-07
1.83264984521259e-07
6.03989736003285e-08
1.92183888803044e-08
5.9070434099695e-09
1.75472159025247e-09
5.04012609425786e-10
1.40045641749964e-10
3.76604303298222e-11
9.80526770888446e-12
2.47279974274761e-12
6.0418337000101e-13
1.43218770176645e-13
3.31956684362922e-14
7.21644966006352e-15
1.77635683940025e-15
2.22044604925031e-16
0
0
0
0
0
0
0
0
0
0
0
0
0
0
0
0
0
0
0
0
0
0
0
0
0
0
0
0
0
0
0
0
0
0
0
0
0
0
0
0
0
0
0
0
0
0
0
0
0
0
0
0
0
0
0
0
0
0
0
0
0
0
0
0
0
0
0
0
0
0
0
0
0
0
0
0
0
0
0
0
0
0
0
0
0
0
0
0
0
0
0
0
0
0
0
0
0
