"x"
0
0
0
0
0
0
0
2.73354013523892e-15
6.70795743308247e-09
1.27256709302925e-05
0.000979852930702103
0.0126675336343125
0.0548884548022138
0.118809373729797
0.164965970195732
0.172212329764948
0.149376080191299
0.114542759528689
0.0806155525181476
0.0532279651934158
0.0333722405382229
0.0199916269391017
0.0114754686232819
0.00631902846963539
0.00333935155741505
0.00169387891356054
0.000824884855047836
0.000385761897250259
0.000173312627431477
7.48398223680002e-05
3.10784569881317e-05
1.24181949672231e-05
4.77733643600153e-06
1.77051498173597e-06
6.32493339591811e-07
2.17924611356501e-07
7.24595041745602e-08
2.3262700543647e-08
7.21487736221604e-09
2.16282369791543e-09
6.26969809403022e-10
1.75835790372503e-10
4.77299311185675e-11
1.25454091559618e-11
3.1943336864515e-12
7.88147325181399e-13
1.88293824976427e-13
4.36317648677687e-14
9.76996261670138e-15
2.22044604925031e-15
2.22044604925031e-16
2.22044604925031e-16
0
0
0
0
0
0
0
0
0
0
0
0
0
0
0
0
0
0
0
0
0
0
0
0
0
0
0
0
0
0
0
0
0
0
0
0
0
0
0
0
0
0
0
0
0
0
0
0
0
0
0
0
0
0
0
0
0
0
0
0
0
0
0
0
0
0
0
0
0
0
0
0
0
0
0
0
0
0
0
0
0
0
0
0
0
0
0
0
0
0
0
0
0
0
0
0
0
