"x"
0
0
0
0
0
0
0
7.5144462471973e-16
3.50452146075526e-09
8.59986408037211e-06
0.000765155231648105
0.0108453576530729
0.0500076505487823
0.112983152791658
0.16162451016585
0.172318761332801
0.151776168170639
0.117744259551655
0.0836478448309117
0.0556769320938488
0.0351669631744117
0.0212178708462022
0.0122664928031208
0.00680363729921174
0.0036220961918898
0.00185121990776160
0.000908478191939066
0.000428201347741464
0.000193919999293080
8.44189635241799e-05
3.53450679837497e-05
1.42407935019850e-05
5.52471532033749e-06
2.06496389354438e-06
7.44041016131902e-07
2.58591226320881e-07
8.67376183100177e-08
2.80940718466738e-08
8.79151373922582e-09
2.65933930432283e-09
7.77956365993759e-10
2.20195861544425e-10
6.03294081358285e-11
1.60068625021381e-11
4.11393141774852e-12
1.02473585172902e-12
2.47690756793872e-13
5.78426195829707e-14
1.29896093881143e-14
2.99760216648792e-15
8.88178419700125e-16
0
0
0
0
0
0
0
0
0
0
0
0
0
0
0
0
0
0
0
0
0
0
0
0
0
0
0
0
0
0
0
0
0
0
0
0
0
0
0
0
0
0
0
0
0
0
0
0
0
0
0
0
0
0
0
0
0
0
0
0
0
0
0
0
0
0
0
0
0
0
0
0
0
0
0
0
0
0
0
0
0
0
0
0
0
0
0
0
0
0
0
0
0
0
0
0
0
0
0
