"x"
0
2.40862438222269e-10
0.00332572226621516
0.153788430951694
0.381316375104717
0.278405515091427
0.122373539328137
0.0428594590277228
0.0131426244000403
0.00362610395978635
0.000905803459436694
0.000205028291804132
4.20431925090003e-05
7.80913910791714e-06
1.31379615453397e-06
2.00217399770608e-07
2.76407664534517e-08
3.45658623945866e-09
3.91452981141072e-10
4.01243482883729e-11
3.71958019940166e-12
3.11528580709819e-13
2.35367281220533e-14
1.22124532708767e-15
4.44089209850063e-16
0
0
0
0
0
0
0
0
0
0
0
0
0
