"x"
0
1.83301475774757e-11
0.00195010309781420
0.127383454575060
0.369774901598449
0.294188795013534
0.135878376264056
0.0492988137892707
0.0155986608872621
0.00444129771533275
0.00114651094487661
0.000268645295623315
5.7128774051507e-05
1.10240205616341e-05
1.93039401708006e-06
3.06787100723405e-07
4.42573696579629e-08
5.79598624650401e-09
6.89008294862958e-10
7.43246575396483e-11
7.27096161057261e-12
6.44373443492441e-13
5.18474152499948e-14
3.5527136788005e-15
2.22044604925031e-16
0
0
0
0
0
0
0
0
0
0
0
0
0
0
