"x"
0
7.40551425928607e-13
0.00110244688427758
0.103876232562927
0.354721853041184
0.308438233356097
0.149877896940675
0.0563302648976016
0.0183779967737492
0.00539423373068459
0.0014373024457498
0.000348178674143385
7.66766074020708e-05
1.53487385513573e-05
2.79290784088726e-06
4.62066539919093e-07
6.95227686531297e-08
9.51506173851868e-09
1.18463650000677e-09
1.34148026020853e-10
1.38109523817320e-11
1.29207755605876e-12
1.09579012530503e-13
8.5487172896137e-15
4.44089209850063e-16
0
0
0
0
0
0
0
0
0
0
0
0
0
0
0
