"x"
0
3.05493512098391e-15
0.000599603195614560
0.0833681709354772
0.336597671713255
0.320860169352722
0.164255276536505
0.0639569437665818
0.0215023351528074
0.00649994139940258
0.00178562268504245
0.000446649016368927
0.000101729094074576
2.10946977868831e-05
3.98276225510585e-06
6.84837675235528e-07
1.07281544647897e-07
1.53153578708043e-08
1.99285754565182e-09
2.36361596961387e-10
2.55464538412298e-11
2.51476617307844e-12
2.25708340906294e-13
1.80966353013901e-14
1.44328993201270e-15
2.22044604925031e-16
0
0
0
0
0
0
0
0
0
0
0
0
0
0
0
