"x"
0
6.45482092555383e-18
0.000313017481248284
0.0658269577529725
0.315920050187891
0.331186409922952
0.17887679380053
0.0721747245202764
0.0249922084132402
0.00777392521448073
0.00219951875565383
0.000567454657138589
0.000133505314440452
2.86404822581465e-05
5.60291918116906e-06
9.99824791181325e-07
1.62808104775536e-07
2.42012362372535e-08
3.28501881252663e-09
4.07229694410205e-10
4.61016780306522e-11
4.7644110878764e-12
4.49196235763338e-13
3.87467835594180e-14
3.10862446895044e-15
2.22044604925031e-16
0
0
0
0
0
0
0
0
0
0
0
0
0
0
0
0
