"x"
0
0
0.000156445825322447
0.0511135346396239
0.293260043171468
0.339183478923796
0.19359296355777
0.0809715143608558
0.0288666016649876
0.00923203955469087
0.00268762252784405
0.000714387809907846
0.000173418084823962
3.8441694775293e-05
7.78210337926133e-06
1.43916435801916e-06
2.43236961794402e-07
3.75881941128142e-08
5.31306953988064e-09
6.87106815888683e-10
8.13056288961889e-11
8.80184813922824e-12
8.71414052028285e-13
7.89368570508486e-14
6.32827124036339e-15
5.55111512312578e-16
0
0
0
0
0
0
0
0
0
0
0
0
0
0
0
0
0
