"x"
0
0
7.46491274190671e-05
0.0390100416887837
0.269216346842049
0.344661211668759
0.208240189416508
0.0903266009480297
0.0331425583488562
0.0108903490245176
0.00325912454597987
0.000891647367435744
0.000223090704631668
5.10413831558143e-05
1.06795326467735e-05
2.04413130133752e-06
3.58091488239509e-07
5.74420081500548e-08
8.44149061762778e-09
1.13688936043133e-09
1.40350286947921e-10
1.58816293449604e-11
1.64679381242649e-12
1.56763491077072e-13
1.33226762955019e-14
1.44328993201270e-15
0
0
0
0
0
0
0
0
0
0
0
0
0
0
0
0
0
0
