"x"
0
0
3.38988995335182e-05
0.0292466399821219
0.244389400907381
0.347480265674029
0.22264295088317
0.100210077968658
0.0378347707071928
0.0127649746694051
0.00392373928214063
0.00110384797356311
0.000284373108360048
6.70809587849375e-05
1.44901555447774e-05
2.86714374875263e-06
5.19925871134141e-07
8.64551432666616e-08
1.31895522281766e-08
1.84693615956633e-09
2.37458386287415e-10
2.80342415948098e-11
3.03901348530644e-12
3.02091685000505e-13
2.77555756156289e-14
2.44249065417534e-15
0
0
0
0
0
0
0
0
0
0
0
0
0
0
0
0
0
0
0
