"x"
0
0
5.93842668263525e-06
0.0155422692836392
0.194652296847689
0.344873334650008
0.249970190487927
0.121393892412985
0.0485124398646246
0.0172269222282077
0.00557351499682124
0.00165363521675721
0.000450390603212836
0.000112605282397427
2.58443455414259e-05
5.44682850645017e-06
1.05467228628253e-06
1.87740302304285e-07
3.07425981338483e-08
4.63360538827118e-09
6.43128439392626e-10
8.22273360512327e-11
9.68602975603972e-12
1.05082609280771e-12
1.05249142734465e-13
9.65894031423886e-15
7.7715611723761e-16
0
0
0
0
0
0
0
0
0
0
0
0
0
0
0
0
0
0
0
0
