"x"
0
0
2.27129012964619e-06
0.0110006090516156
0.170746956392111
0.339467385937879
0.262510949889463
0.132584835202911
0.0545117000059658
0.0198451942424921
0.0065802899351034
0.00200255261717452
0.000560089971004096
0.000143967483840379
3.40105022390569e-05
7.38637372499351e-06
1.47551815488089e-06
2.71289273934272e-07
4.59398052932158e-08
7.16951842338887e-09
1.03173913856835e-09
1.36963884678210e-10
1.67764691028083e-11
1.89637194836223e-12
1.97841742988203e-13
1.88737914186277e-14
1.55431223447522e-15
4.44089209850063e-16
0
0
0
0
0
0
0
0
0
0
0
0
0
0
0
0
0
0
0
0
