"x"
0
0
8.12491104622873e-07
0.00762616919616767
0.148037497804973
0.331444552018725
0.274047561144498
0.144085154011865
0.0609539624893412
0.0227412828653230
0.00772327521577676
0.00240905965919691
0.000691351198929047
0.000182547760010698
4.43488063436304e-05
9.91594532551154e-06
2.04153621463643e-06
3.87290594150436e-07
6.77455799236171e-08
1.09341516951744e-08
1.62933411207433e-09
2.24266716308819e-10
2.85226287033424e-11
3.35265148976305e-12
3.64264174379514e-13
3.65263375101677e-14
3.21964677141295e-15
4.44089209850063e-16
0
0
0
0
0
0
0
0
0
0
0
0
0
0
0
0
0
0
0
0
0
