"x"
0
0
2.70157135591019e-07
0.00517369040955874
0.126837884533573
0.320969114962731
0.284394921658789
0.15581473205933
0.0678357711890225
0.0259288192000328
0.00901397961840267
0.00287983329029728
0.000847358662993791
0.000229651676652898
5.73281342277632e-05
1.31847173727717e-05
2.79511017609035e-06
5.46565272818711e-07
9.86547875614363e-08
1.64490295828656e-08
2.53508081193843e-09
3.61334739906738e-10
4.76506611946093e-11
5.8155702475915e-12
6.5669691906578e-13
6.87228052242972e-14
6.66133814775094e-15
5.55111512312578e-16
0
0
0
0
0
0
0
0
0
0
0
0
0
0
0
0
0
0
0
0
0
0
