"x"
0
0
8.28826703001157e-08
0.00343154507964396
0.107376672671028
0.30826033445256
0.293378605103610
0.167683769153721
0.0751487900785096
0.0294202969704253
0.0104640456620011
0.00342192591928292
0.00103159181182066
0.000286751737872515
7.34940634327108e-05
1.73717675238105e-05
3.78874805773144e-06
7.62954718069864e-07
1.41964379474224e-07
2.44267008842058e-08
3.88918064420096e-09
5.73350589228028e-10
7.82993669901089e-11
9.90862947247706e-12
1.16207043987515e-12
1.26565424807268e-13
1.26565424807268e-14
1.33226762955019e-15
0
0
0
0
0
0
0
0
0
0
0
0
0
0
0
0
0
0
0
0
0
0
0
