"x"
0
0
2.32533131129291e-08
0.00222299478646191
0.0897988459663146
0.293585249844072
0.300839441479866
0.179593403301011
0.0828794299227548
0.0332268350387689
0.0120851550605073
0.00404274116132319
0.00124782936905343
0.000355497865706211
9.34768804446984e-05
2.26903859650296e-05
5.0869414314203e-06
1.05399714955823e-06
2.01986434134049e-07
3.58297707059307e-08
5.88741810858551e-09
8.9670060265945e-10
1.26661681143503e-10
1.65994995526830e-11
2.01871852567592e-12
2.27706742350620e-13
2.40918396343659e-14
2.44249065417534e-15
2.22044604925031e-16
0
0
0
0
0
0
0
0
0
0
0
0
0
0
0
0
0
0
0
0
0
0
0
