"x"
0
0
5.90049701589857e-09
0.00140502009361163
0.0741715660538444
0.277249643630613
0.306637983733790
0.191436579483648
0.0910085115481245
0.0373579319848971
0.0138889261289991
0.00475000432484596
0.00150015088133193
0.000437727150694123
0.000117999745025577
2.9392707400433e-05
6.76825041789897e-06
1.44171557658890e-06
2.84305460507284e-07
5.1944767709422e-08
8.800024486888e-09
1.38328970500368e-09
2.01875960392783e-10
2.7365776311683e-11
3.44690942455372e-12
4.03344024846319e-13
4.36317648677687e-14
4.44089209850063e-15
5.55111512312578e-16
0
0
0
0
0
0
0
0
0
0
0
0
0
0
0
0
0
0
0
0
0
0
0
0
