"x"
0
0
2.64620841444567e-10
0.000518853604655188
0.0487029788513645
0.24095008626708
0.312813709874134
0.214461366980591
0.108355653787803
0.0466221819527958
0.0180899393045492
0.00645617013780153
0.00213085743285812
0.00065097140578485
0.000184071987461176
4.8181111497847e-05
1.16789480075763e-05
2.62328856648342e-06
5.4643957758671e-07
1.05646178027996e-07
1.8973097426489e-08
3.16758441698539e-09
4.91946816616462e-10
7.11144476639447e-11
9.57267598522549e-12
1.20026211192226e-12
1.40332190312620e-13
1.52100554373646e-14
1.55431223447522e-15
2.22044604925031e-16
0
0
0
0
0
0
0
0
0
0
0
0
0
0
0
0
0
0
0
0
0
0
0
0
0
