"x"
0
0
4.4775523528741e-11
0.000302391623035497
0.0386953759001625
0.221693347760328
0.313045947239336
0.225399279617091
0.117505101274320
0.0517639490680537
0.0205090693768806
0.0074717925159593
0.0025188791994859
0.000786670491514596
0.000227605898160288
6.10114605893441e-05
1.51578605696034e-05
3.4924734277908e-06
7.46851019362005e-07
1.4835643147304e-07
2.73978308928946e-08
4.7076987863548e-09
7.53172635370447e-10
1.12263864870954e-10
1.55977453175637e-11
2.02104999402763e-12
2.44138043115072e-13
2.73114864057789e-14
3.10862446895044e-15
2.22044604925031e-16
0
0
0
0
0
0
0
0
0
0
0
0
0
0
0
0
0
0
0
0
0
0
0
0
0
0
