"x"
0
0
6.23637834158303e-12
0.000171078414327591
0.0303299157515565
0.202167297256306
0.311331524837437
0.235786820774059
0.126915521429412
0.0572469907371072
0.0231543794027257
0.00860720653366587
0.00296224050542027
0.000945232646221039
0.000279664832366411
7.67251659311574e-05
1.95247702270418e-05
4.61151301200946e-06
1.01168303801025e-06
2.06327632756853e-07
3.91521040032927e-08
6.91820989384695e-09
1.13919551569808e-09
1.74924741358495e-10
2.50609533125612e-11
3.35109717752857e-12
4.18221013376296e-13
4.87387907810444e-14
5.44009282066327e-15
5.55111512312578e-16
2.22044604925031e-16
0
0
0
0
0
0
0
0
0
0
0
0
0
0
0
0
0
0
0
0
0
0
0
0
0
0
