"x"
0
0
2.10916260618263e-15
2.55186899834977e-05
0.0134121388958260
0.145161918613373
0.294791845397353
0.262397728253409
0.156180312592810
0.0757037185886245
0.0325380489426536
0.0128193806751207
0.00468060794949321
0.00158802046453899
0.000500785805467974
0.000146785807637828
3.99994677764415e-05
1.01388867144170e-05
2.39226906806334e-06
5.25873465551108e-07
1.07792738068824e-07
2.06212315001508e-08
3.68480501666824e-09
6.15481110521898e-10
9.61610790994882e-11
1.40610856291801e-11
1.92501570239756e-12
2.46802578374172e-13
2.98649993624167e-14
3.33066907387547e-15
2.22044604925031e-16
2.22044604925031e-16
0
0
0
0
0
0
0
0
0
0
0
0
0
0
0
0
0
0
0
0
0
0
0
0
0
0
0
0
