"x"
0
0
1.26380471491604e-17
1.26115431519244e-05
0.00991763577746872
0.127585321677886
0.285747181361196
0.269354313983475
0.16607221447976
0.0824952583066764
0.0361739685615807
0.0145210510844442
0.00540272131269881
0.00186906167367251
0.000601462722851664
0.000180035567940107
5.01370682175484e-05
1.29964671891081e-05
3.13810511198831e-06
7.0639991966992e-07
1.48375460695682e-07
2.91062995927405e-08
5.33693256254963e-09
9.15403197687681e-10
1.46976653070396e-10
2.21032081526573e-11
3.11461967328341e-12
4.11670697531008e-13
5.10702591327572e-14
5.6621374255883e-15
8.88178419700125e-16
0
0
0
0
0
0
0
0
0
0
0
0
0
0
0
0
0
0
0
0
0
0
0
0
0
0
0
0
0
0
