"x"
0
0
8.54701572873144e-23
2.73646694917405e-06
0.00516995336426753
0.0957588187271707
0.263175372266846
0.27976605447751
0.185630952081845
0.0969452480752009
0.0442410456280403
0.0184215643557408
0.00710874883985557
0.00255353565186534
0.000854465260410109
0.00026634541391346
7.73483464866498e-05
2.09362163703375e-05
5.28540474920014e-06
1.24551242686177e-06
2.74217584972369e-07
5.64563265026408e-08
1.08787658881226e-08
1.96358995729895e-09
3.32237015676640e-10
5.27298205099669e-11
7.8541617654082e-12
1.09856568286659e-12
1.44551037806195e-13
1.77635683940025e-14
1.88737914186277e-15
2.22044604925031e-16
0
0
0
0
0
0
0
0
0
0
0
0
0
0
0
0
0
0
0
0
0
0
0
0
0
0
0
0
0
0
0
