"x"
0
0
0
1.19550560012509e-06
0.00364056977599596
0.0817473296488628
0.250012677627112
0.283051993862546
0.195138468844989
0.104559351795757
0.0486781707775307
0.0206364249512462
0.00810577046157968
0.00296510876701050
0.00101108477432743
0.000321394686608301
9.52438276722312e-05
2.63240876029469e-05
6.78998919212415e-06
1.63581948398051e-06
3.68416095741786e-07
7.76378782374465e-08
1.53223483900788e-08
2.83436440984275e-09
4.91807927716081e-10
8.01015920259829e-11
1.22534205004854e-11
1.76081371705550e-12
2.38142838782096e-13
3.03090885722668e-14
3.44169137633799e-15
7.7715611723761e-16
0
0
0
0
0
0
0
0
0
0
0
0
0
0
0
0
0
0
0
0
0
0
0
0
0
0
0
0
0
0
0
0
