"x"
0
0
0
4.98543073901655e-07
0.00251920982958127
0.0690889072904926
0.235873876828396
0.284970686615607
0.204353050786933
0.112396479724387
0.053385476576704
0.0230377123050552
0.00920768347732503
0.00342865967586836
0.00119092139689692
0.000385873193359365
0.000116637738231118
3.29020091290877e-05
8.66690643552825e-06
2.13358001233122e-06
4.91293613902322e-07
1.05914872761126e-07
2.13966323547865e-08
4.05392042157615e-09
7.20917991969827e-10
1.20415566406962e-10
1.89033233510827e-11
2.79032352779041e-12
3.87467835594180e-13
5.05151476204446e-14
6.32827124036339e-15
8.88178419700125e-16
0
0
0
0
0
0
0
0
0
0
0
0
0
0
0
0
0
0
0
0
0
0
0
0
0
0
0
0
0
0
0
0
0
