"x"
0
0
0
7.43817338079734e-08
0.00114167723704419
0.0478493812773001
0.205562242570909
0.284551906433417
0.221556791295507
0.128605747760110
0.0636023896575446
0.0284265169651872
0.011753040742437
0.00453003295000287
0.00163066215912255
0.000548283023623863
0.000172200145282631
5.05329400786181e-05
1.38634868044329e-05
3.5584146080847e-06
8.55271900745969e-07
1.92669072140994e-07
4.07169207239377e-08
8.07927202917114e-09
1.50646184415848e-09
2.64153254825317e-10
4.35869118575738e-11
6.77169431639868e-12
9.91318138687802e-13
1.36557432028894e-13
1.77635683940025e-14
2.10942374678780e-15
3.33066907387547e-16
0
0
0
0
0
0
0
0
0
0
0
0
0
0
0
0
0
0
0
0
0
0
0
0
0
0
0
0
0
0
0
0
0
0
