"x"
0
0
0
2.6399252865201e-08
0.000746639506951858
0.0391953591190803
0.18984459024075
0.282186909085402
0.229371817293403
0.136900563997580
0.0691025070352417
0.0314258720569489
0.0132098424629895
0.00517742128880705
0.00189618957277660
0.000649089635549105
0.000207675376896588
6.21200068204875e-05
1.73810182233503e-05
4.55236008012339e-06
1.11709091787926e-06
2.57055278174434e-07
5.55197430252008e-08
1.12650905270684e-08
2.14906026307915e-09
3.85762310983750e-10
6.51999565448591e-11
1.03822506147822e-11
1.55853108196879e-12
2.20601314993019e-13
2.96429547574917e-14
3.77475828372553e-15
3.33066907387547e-16
0
0
0
0
0
0
0
0
0
0
0
0
0
0
0
0
0
0
0
0
0
0
0
0
0
0
0
0
0
0
0
0
0
0
0
