"x"
0
0
0
8.79891084439608e-09
0.00047847179653925
0.0317601089579049
0.174049399848737
0.278401312058887
0.236548179069096
0.1452639644973
0.0748535410253319
0.0346351295664277
0.0147981544261513
0.00589588385743633
0.00219617595534027
0.000765083317885273
0.000249271244996296
7.59715178031417e-05
2.16701397268704e-05
5.78916280657982e-06
1.44970797999466e-06
3.40604103254982e-07
7.51487543304563e-08
1.55841491933373e-08
3.04018110686144e-09
5.58352808432971e-10
9.66088320453196e-11
1.57579505000172e-11
2.42472708578134e-12
3.51718654201250e-13
4.80726569662693e-14
6.32827124036339e-15
5.55111512312578e-16
0
1.11022302462516e-16
0
0
0
0
0
0
0
0
0
0
0
0
0
0
0
0
0
0
0
0
0
0
0
0
0
0
0
0
0
0
0
0
0
0
