"x"
0
0
0
2.73802191649570e-09
0.000300209487293785
0.025451549073671
0.158386309311441
0.273234016406136
0.243003822710753
0.153647575628782
0.0808447564473596
0.0380581174686552
0.0165243628981255
0.00669051680428179
0.00253383514725947
0.000898009693753421
0.000297827659141214
9.24503863575232e-05
2.68729193465544e-05
7.3195433756279e-06
1.86972508775529e-06
4.48319513512985e-07
1.00997851082418e-07
2.13964076456463e-08
4.26622825955292e-09
8.01246069492834e-10
1.41847089629721e-10
2.36858310742605e-11
3.73256980878978e-12
5.55555601522428e-13
7.7937656328686e-14
1.06581410364015e-14
1.11022302462516e-15
3.33066907387547e-16
0
0
0
0
0
0
0
0
0
0
0
0
0
0
0
0
0
0
0
0
0
0
0
0
0
0
0
0
0
0
0
0
0
0
0
0
