"x"
0
0
0
5.05468106787455e-11
6.47414585695016e-05
0.0122225892890097
0.114017267107404
0.250137709745574
0.257302069494200
0.178386157365541
0.100112462670242
0.0496317598261431
0.0225906734778483
0.00958352828050968
0.00380721843430354
0.00141775931964694
0.000494911543712728
0.000161965153065324
4.97098327286727e-05
1.4317131888264e-05
3.87259999812262e-06
9.84606758791529e-07
2.35522784275410e-07
5.30526904629625e-08
1.12633317117528e-08
2.25564222855468e-09
4.26432444911029e-10
7.61571916640946e-11
1.28566046697642e-11
2.05246930562453e-12
3.10307335382731e-13
4.40758540776187e-14
5.99520433297585e-15
6.66133814775094e-16
1.11022302462516e-16
0
0
0
0
0
0
0
0
0
0
0
0
0
0
0
0
0
0
0
0
0
0
0
0
0
0
0
0
0
0
0
0
0
0
0
0
0
0
