"x"
0
0
0
2.09038154089267e-12
2.05857016388099e-05
0.00705427335108254
0.0880445966709683
0.229427051094815
0.261993950285195
0.193954879216465
0.11384058899932
0.0584354644009498
0.0274290918769833
0.0119891085582099
0.00490987535790743
0.00188669387042506
0.000680357052466718
0.000230247910776082
7.31484826178574e-05
2.18276339909451e-05
6.12240723496527e-06
1.61555807964842e-06
4.01420926943175e-07
9.40046842590192e-08
2.07661432494177e-08
4.33097102625624e-09
8.53453530069714e-10
1.59021240619950e-10
2.80347967063221e-11
4.67914595958518e-12
7.39519556702817e-13
1.10911280160053e-13
1.57651669496772e-14
2.22044604925031e-15
3.33066907387547e-16
0
0
0
0
0
0
0
0
0
0
0
0
0
0
0
0
0
0
0
0
0
0
0
0
0
0
0
0
0
0
0
0
0
0
0
0
0
0
0
0
