"x"
0
0
0
3.43529906450909e-13
1.11496157017667e-05
0.00525721453133566
0.0764307121757206
0.217860934103934
0.262752249939522
0.20127849529213
0.120896110367986
0.0631565738960616
0.0301006224529295
0.0133506756220141
0.00554896018394124
0.00216504796854777
0.000793152882197279
0.000272829743940162
8.8142327077878e-05
2.67585698641160e-05
7.63905918088614e-06
2.05248608631248e-06
5.19485450656276e-07
1.23969231768939e-07
2.79182381657250e-08
5.9383363781862e-09
1.19396159625751e-09
2.27084018256107e-10
4.08827416364943e-11
6.97153446083121e-12
1.12676534769207e-12
1.72417635724287e-13
2.50910403565285e-14
3.5527136788005e-15
3.33066907387547e-16
2.22044604925031e-16
0
0
0
0
0
0
0
0
0
0
0
0
0
0
0
0
0
0
0
0
0
0
0
0
0
0
0
0
0
0
0
0
0
0
0
0
0
0
0
0
