"x"
0
0
0
4.68746215046724e-14
5.86886732262137e-06
0.00386617752777418
0.0657989248312608
0.205682798041121
0.26241805097389
0.208211397675664
0.128040071100109
0.0680837265529091
0.0329453512585355
0.0148249099725483
0.00625194585963473
0.00247612933465402
0.0009212726078498
0.000322008353451531
0.000105756799249956
3.26531898303672e-05
9.4846672059612e-06
2.59391779910967e-06
6.68519549718027e-07
1.62513500101547e-07
3.72966134642994e-08
8.08770950211368e-09
1.65847058308799e-09
3.2184088727405e-10
5.91454663023683e-11
1.02997610440525e-11
1.70075065142328e-12
2.66342503607575e-13
3.94129173741931e-14
5.6621374255883e-15
7.7715611723761e-16
1.11022302462516e-16
0
0
0
0
0
0
0
0
0
0
0
0
0
0
0
0
0
0
0
0
0
0
0
0
0
0
0
0
0
0
0
0
0
0
0
0
0
0
0
0
0
