"x"
0
0
0
3.79662575849290e-16
1.48410278667268e-06
0.00200582652565491
0.0475358558409432
0.180106118182805
0.258446489308320
0.220657341267276
0.142459535392811
0.0785254819670903
0.0391653570593693
0.0181310108075884
0.00786621900045048
0.00320758244719088
0.00122991243846149
0.000443467823425414
0.000150387704309196
4.79855904553794e-05
1.44158190193977e-05
4.08077023728026e-06
1.08942551013680e-06
2.74533963562362e-07
6.53620507717889e-08
1.47150435170218e-08
3.13516101968503e-09
6.32635388519986e-10
1.20990217844508e-10
2.19447793270433e-11
3.77708975207725e-12
6.17172979389125e-13
9.6034291630076e-14
1.39888101102770e-14
1.66533453693773e-15
3.33066907387547e-16
0
0
0
0
0
0
0
0
0
0
0
0
0
0
0
0
0
0
0
0
0
0
0
0
0
0
0
0
0
0
0
0
0
0
0
0
0
0
0
0
0
0
0
