"x"
0
0
0
1.60470412554913e-17
7.10725230177705e-07
0.00141383642092428
0.0398783850923945
0.167016272359684
0.254829911659531
0.226050592979663
0.149661859354707
0.0840201873262596
0.0425441964698204
0.0199722126745968
0.00878591308344512
0.00363378062882214
0.00141390045998213
0.000517581944421974
0.000178278055774528
5.78025443311869e-05
1.76521122913220e-05
5.08140393906675e-06
1.38000826688245e-06
3.53898732763369e-07
8.57755214633826e-08
1.96657847784110e-08
4.26855939483772e-09
8.7782892066457e-10
1.71162972684158e-10
3.16638937292169e-11
5.56088508574248e-12
9.27591337074318e-13
1.46993528460371e-13
2.22044604925031e-14
3.10862446895044e-15
4.44089209850063e-16
0
0
0
0
0
0
0
0
0
0
0
0
0
0
0
0
0
0
0
0
0
0
0
0
0
0
0
0
0
0
0
0
0
0
0
0
0
0
0
0
0
0
0
0
