"x"
0
0
0
1.24660590164242e-19
3.28675884651504e-07
0.000981674969523452
0.0331564606963466
0.153925250779209
0.250162704232059
0.230815266319501
0.156806631357092
0.0896810150483895
0.0461032162145391
0.0219446685921193
0.00978628101003265
0.00410434486560596
0.00162014786391040
0.000601964218552631
0.000210542100057554
6.93453028772772e-05
2.15210600950089e-05
6.29806697172164e-06
1.73946813553094e-06
4.53813238321388e-07
1.1193771176643e-07
2.61271302370858e-08
5.77542191848579e-09
1.21001864084036e-09
2.40454212097063e-10
4.53521664667278e-11
8.12316880427488e-12
1.38289379947309e-12
2.23598917159507e-13
3.44169137633799e-14
4.9960036108132e-15
8.88178419700125e-16
0
0
0
0
0
0
0
0
0
0
0
0
0
0
0
0
0
0
0
0
0
0
0
0
0
0
0
0
0
0
0
0
0
0
0
0
0
0
0
0
0
0
0
0
0
