"x"
0
0
0
5.23699292983599e-22
1.46485680511428e-07
0.000671092698433206
0.0273172465133415
0.140973851022604
0.244489062677045
0.234899419413730
0.163851873863869
0.0954931971924212
0.0498419626937832
0.0240523747423166
0.0108715400392431
0.00462242695834736
0.00185064025096093
0.000697719011892084
0.000247732369909048
8.28651675842673e-05
2.61273276728202e-05
7.77090509274103e-06
2.18205152135997e-06
5.78972805365119e-07
1.45290513731133e-07
3.45128098322434e-08
7.76693809267925e-09
1.65725067002853e-09
3.35517058580592e-10
6.44946318573147e-11
1.17782450459458e-11
2.04480876675461e-12
3.37507799486048e-13
5.32907051820075e-14
7.88258347483861e-15
1.11022302462516e-15
0
2.22044604925031e-16
0
0
0
0
0
0
0
0
0
0
0
0
0
0
0
0
0
0
0
0
0
0
0
0
0
0
0
0
0
0
0
0
0
0
0
0
0
0
0
0
0
0
0
0
