"x"
0
0
0
1.50916760126472e-24
6.27803186416006e-08
0.000451456260803318
0.0222978855725423
0.128292345176081
0.237865984983528
0.238255858965162
0.170753939409721
0.101439971618541
0.0537589622423573
0.0262989778025138
0.0120458718344939
0.00519125770880313
0.00210746122421757
0.000806029121875329
0.000290452156205045
9.8641714115777e-05
3.15895251473686e-05
9.54625417426413e-06
2.72450504734678e-06
7.34998890639105e-07
1.87592331002406e-07
4.53368249608843e-08
1.03838586618110e-08
2.25570739864622e-09
4.65099403434976e-10
9.10845843193897e-11
1.69538827421434e-11
3.00082181325934e-12
5.05262498506909e-13
8.0935258495174e-14
1.22124532708767e-14
1.99840144432528e-15
2.22044604925031e-16
0
0
0
0
0
0
0
0
0
0
0
0
0
0
0
0
0
0
0
0
0
0
0
0
0
0
0
0
0
0
0
0
0
0
0
0
0
0
0
0
0
0
0
0
0
0
