"x"
0
0
0
3.18874418834597e-27
2.58097147676868e-08
0.000298694661336599
0.0180286848211443
0.115998209184705
0.230362428020357
0.240842981398448
0.17746784907154
0.107502570354147
0.0578516536633921
0.0286877279815083
0.0133133974643816
0.00581413612063464
0.00239278981028779
0.000928157091548698
0.000339357887249148
0.000116984844066192
3.80415510191634e-05
1.16773783204183e-05
3.38643006181361e-06
9.28591253890332e-07
2.40977262810915e-07
5.92345108518799e-08
1.38033965368933e-08
3.05180292148322e-09
6.40636876880762e-10
1.27777788350159e-10
2.42302844455367e-11
4.37094804794924e-12
7.50621786949068e-13
1.22679644221080e-13
1.93178806284777e-14
2.88657986402541e-15
2.22044604925031e-16
0
0
0
0
0
0
0
0
0
0
0
0
0
0
0
0
0
0
0
0
0
0
0
0
0
0
0
0
0
0
0
0
0
0
0
0
0
0
0
0
0
0
0
0
0
0
0
