"x"
0
0
0
0
1.01502048654862e-08
0.000194252031140487
0.0144360727357963
0.104194311953120
0.222058192945769
0.242625568633512
0.183947673906696
0.113660226877861
0.0621163235230429
0.0312214310045801
0.0146781510945581
0.00649441753499802
0.00270889714104416
0.00106544613173343
0.00039516138419593
0.000138236855747542
4.56339984079568e-05
1.42252644128593e-05
4.19067363122139e-06
1.16769957758667e-06
3.08023294093296e-07
7.69872967598673e-08
1.82475142773697e-08
4.10474598755428e-09
8.76990480236373e-10
1.78088765956375e-10
3.43942652136775e-11
6.32149887991318e-12
1.10633724403897e-12
1.84630088995164e-13
2.93098878501041e-14
4.21884749357559e-15
7.7715611723761e-16
2.22044604925031e-16
0
0
0
0
0
0
0
0
0
0
0
0
0
0
0
0
0
0
0
0
0
0
0
0
0
0
0
0
0
0
0
0
0
0
0
0
0
0
0
0
0
0
0
0
0
0
0
