"x"
0
0
0
0
1.35658366448534e-09
7.7829476681361e-05
0.00898240719263707
0.0823883363369706
0.203412714112098
0.243672496523656
0.196019174198476
0.126167844740703
0.0711406215802451
0.0367324023153391
0.0177148778711355
0.00804081386739497
0.00344296788477327
0.00139128616252493
0.00053059838405034
0.000191011142421815
6.49348410027839e-05
2.08590483662396e-05
6.33634907776237e-06
1.82169128137843e-06
4.96110194481147e-07
1.28093059381662e-07
3.13822554609544e-08
7.30138949300851e-09
1.61444235757813e-09
3.39505201729651e-10
6.79465372854793e-11
1.29495303369254e-11
2.35156338845854e-12
4.0689673852512e-13
6.7168492989822e-14
1.06581410364015e-14
1.66533453693773e-15
0
2.22044604925031e-16
0
0
0
0
0
0
0
0
0
0
0
0
0
0
0
0
0
0
0
0
0
0
0
0
0
0
0
0
0
0
0
0
0
0
0
0
0
0
0
0
0
0
0
0
0
0
0
0
