"x"
0
0
0
0
4.57520372679486e-10
4.78860964575821e-05
0.00697666982210546
0.0725097753685851
0.193271967268743
0.242904473253742
0.201518225560905
0.132466645564797
0.0758865354328933
0.0397126171663407
0.0193942307117511
0.00891379969476547
0.00386589358814615
0.00158292915432401
0.00061195054299612
0.000223398604907832
7.70413285162697e-05
2.51134780255846e-05
7.7437687237003e-06
2.26057294283599e-06
6.25286574407191e-07
1.64024728022127e-07
4.08391148676301e-08
9.65901636451605e-09
2.17176954198095e-09
4.64550287126997e-10
9.45985512146308e-11
1.83496551287021e-11
3.39239747404463e-12
5.98188165668034e-13
1.00697228333502e-13
1.62092561595273e-14
2.77555756156289e-15
2.22044604925031e-16
0
0
0
0
0
0
0
0
0
0
0
0
0
0
0
0
0
0
0
0
0
0
0
0
0
0
0
0
0
0
0
0
0
0
0
0
0
0
0
0
0
0
0
0
0
0
0
0
0
0
