"x"
0
0
0
0
1.45336356082742e-10
2.88834064021522e-05
0.00536143780432871
0.0633684451584687
0.182727876838420
0.241268158932491
0.206598958527401
0.138758356925211
0.0807769033827354
0.042843578373048
0.0211855100007874
0.0098578993704469
0.00432951060896825
0.00179591588159733
0.000703641012318679
0.000260429353744374
9.1087584619065e-05
3.01237153825795e-05
9.42654659596975e-06
2.79347246201489e-06
7.84611273285662e-07
2.09053215405319e-07
5.2883269097137e-08
1.27113758408015e-08
2.90546686709803e-09
6.31982022269995e-10
1.30904620476713e-10
2.58365551175643e-11
4.86199969174095e-12
8.72746319657836e-13
1.49436019114546e-13
2.44249065417534e-14
3.88578058618805e-15
8.88178419700125e-16
0
0
0
0
0
0
0
0
0
0
0
0
0
0
0
0
0
0
0
0
0
0
0
0
0
0
0
0
0
0
0
0
0
0
0
0
0
0
0
0
0
0
0
0
0
0
0
0
0
0
0
