"x"
0
0
0
0
4.32426717728813e-11
1.70659620047379e-05
0.00407545602684013
0.0549848017194549
0.171890256064809
0.238769291126306
0.21121771022807
0.145013108587836
0.085801439654448
0.0461251285790767
0.0230918785928397
0.0108765355859645
0.00483647407590848
0.00203199108025742
0.000806686274313129
0.000302638331878047
0.000107330579760645
3.60032485703377e-05
1.14310180270305e-05
3.43795760404664e-06
9.80292783947512e-07
2.65230139628869e-07
6.81503856680976e-08
1.66435687454225e-08
3.86629539494976e-09
8.54933568383842e-10
1.80076620281966e-10
3.61528584846837e-11
6.92224055853785e-12
1.26465504735052e-12
2.20934381900406e-13
3.67483821150927e-14
5.99520433297585e-15
6.66133814775094e-16
0
0
0
0
0
0
0
0
0
0
0
0
0
0
0
0
0
0
0
0
0
0
0
0
0
0
0
0
0
0
0
0
0
0
0
0
0
0
0
0
0
0
0
0
0
0
0
0
0
0
0
0
