"x"
0
0
0
0
7.1382818960344e-13
3.08475506488330e-06
0.00167178682699611
0.0343684549780731
0.138706166860876
0.226292083741306
0.221899543615224
0.163235999770938
0.101555637831027
0.0568603442986741
0.0295289086210194
0.0144132301534191
0.00664478218144116
0.00289732654003527
0.00119509277377661
0.000466359630067803
0.000172211425278346
6.02043967369292e-05
1.99388136163936e-05
6.26042935580884e-06
1.86508290178633e-06
5.276512251573e-07
1.41877868564677e-07
3.62874281734094e-08
8.83511808158488e-09
2.04930528102665e-09
4.5315207142238e-10
9.5588759130294e-11
1.92473814664140e-11
3.70137254179781e-12
6.80011602582908e-13
1.19571019752129e-13
1.99840144432528e-14
3.33066907387547e-15
4.44089209850063e-16
0
2.22044604925031e-16
0
0
0
0
0
0
0
0
0
0
0
0
0
0
0
0
0
0
0
0
0
0
0
0
0
0
0
0
0
0
0
0
0
0
0
0
0
0
0
0
0
0
0
0
0
0
0
0
0
0
0
0
