"x"
0
0
0
0
2.80317922448569e-14
8.75178703017644e-07
0.00086913114914382
0.0241840358775592
0.117051096315651
0.214174172629866
0.226028302510700
0.174595161364095
0.112475763007741
0.0647317349358144
0.0344400141029058
0.0172039292324391
0.00811783158956902
0.00362495762641557
0.00153238277855694
0.000613278333658096
0.000232411657411391
8.34349270407708e-05
2.83914793666185e-05
9.16417465168795e-06
2.80808498409613e-06
8.17520674600836e-07
2.26318590867969e-07
5.96250928630582e-08
1.49612249256137e-08
3.57816565266234e-09
8.16238632239674e-10
1.77715731020101e-10
3.69538843969508e-11
7.34257099566094e-12
1.39510625274397e-12
2.53352894219461e-13
4.39648317751562e-14
7.21644966006352e-15
1.22124532708767e-15
2.22044604925031e-16
0
0
0
0
0
0
0
0
0
0
0
0
0
0
0
0
0
0
0
0
0
0
0
0
0
0
0
0
0
0
0
0
0
0
0
0
0
0
0
0
0
0
0
0
0
0
0
0
0
0
0
0
0
0
0
