"x"
0
0
0
0
6.10393911314535e-16
2.23429297541516e-07
0.000429247455162108
0.0164835830432063
0.0966054670864431
0.1994959375129
0.227516126148938
0.184995434809770
0.12356318713889
0.0731320819425425
0.0398594906073086
0.0203689355759291
0.00983136303437893
0.00449286353506406
0.00194505126370204
0.000797752983540012
0.000310027019326031
0.000114203754142395
3.98980167041207e-05
1.32285580257685e-05
4.1658166763936e-06
1.24700410664147e-06
3.55118705996915e-07
9.62875643661931e-08
2.48771212518761e-08
6.12902018026773e-09
1.44096645726677e-09
3.2350544465487e-10
6.93982649124791e-11
1.42332812202994e-11
2.79232192923473e-12
5.24247312227999e-13
9.45910016980633e-14
1.59872115546023e-14
2.88657986402541e-15
3.33066907387547e-16
0
0
0
0
0
0
0
0
0
0
0
0
0
0
0
0
0
0
0
0
0
0
0
0
0
0
0
0
0
0
0
0
0
0
0
0
0
0
0
0
0
0
0
0
0
0
0
0
0
0
0
0
0
0
0
0
0
