"x"
0
0
0
0
6.49981556411925e-17
1.08173274905352e-07
0.000295631557622403
0.0134416206222717
0.0870150562881449
0.191359704194859
0.227228471463844
0.189747807609269
0.129118177023914
0.0775142893254576
0.0427609111656664
0.0220985331916281
0.0107853862541407
0.00498496562483008
0.00218337382455802
0.000906300671188132
0.000356574672633725
0.000133016938387076
4.70729806406611e-05
1.58138312619238e-05
5.04700660475255e-06
1.53148275661152e-06
4.42209036277674e-07
1.21599700531050e-07
3.18690434042423e-08
7.9664634888843e-09
1.90078974782182e-09
4.33180713521608e-10
9.43513045470468e-11
1.96526128704022e-11
3.91686683087755e-12
7.4718009557273e-13
1.36890498936282e-13
2.39808173319034e-14
3.77475828372553e-15
6.66133814775094e-16
0
0
0
0
0
0
0
0
0
0
0
0
0
0
0
0
0
0
0
0
0
0
0
0
0
0
0
0
0
0
0
0
0
0
0
0
0
0
0
0
0
0
0
0
0
0
0
0
0
0
0
0
0
0
0
0
0
0
